lr = 0.340, alpha = 40.000, batch size = 256
seq len = 10, exp num = 1
tensor([[0.8669, 0.0000, 0.0000, 0.0000, 0.0000, 0.0000, 0.0000, 0.0000, 0.0000,
         0.0000],
        [0.8229, 0.9131, 0.0000, 0.0000, 0.0000, 0.0000, 0.0000, 0.0000, 0.0000,
         0.0000],
        [0.8218, 0.8348, 0.9191, 0.0000, 0.0000, 0.0000, 0.0000, 0.0000, 0.0000,
         0.0000],
        [0.6741, 0.7058, 0.6810, 0.9276, 0.0000, 0.0000, 0.0000, 0.0000, 0.0000,
         0.0000],
        [0.3892, 0.4669, 0.4567, 0.6405, 0.9062, 0.0000, 0.0000, 0.0000, 0.0000,
         0.0000],
        [0.4411, 0.4263, 0.4465, 0.3330, 0.5048, 0.8864, 0.0000, 0.0000, 0.0000,
         0.0000],
        [0.2853, 0.2652, 0.4320, 0.4115, 0.4355, 0.6481, 0.8856, 0.0000, 0.0000,
         0.0000],
        [0.2305, 0.2531, 0.3404, 0.3098, 0.3020, 0.5729, 0.5206, 0.8495, 0.0000,
         0.0000],
        [0.1774, 0.2092, 0.3006, 0.3380, 0.2432, 0.5996, 0.3923, 0.7994, 0.8042,
         0.0000],
        [0.1402, 0.2169, 0.2763, 0.2888, 0.1793, 0.5474, 0.2861, 0.5324, 0.7747,
         0.9056]])
final average acc: 0.415, std: nan
total average acc: 0.524, std: nan
final forget: 0.524, std: nan
total forget: 0.453, std: nan
