tensor([[0.8984, 0.0000, 0.0000, 0.0000, 0.0000, 0.0000, 0.0000, 0.0000, 0.0000,
         0.0000],
        [0.8801, 0.9047, 0.0000, 0.0000, 0.0000, 0.0000, 0.0000, 0.0000, 0.0000,
         0.0000],
        [0.8422, 0.8762, 0.9088, 0.0000, 0.0000, 0.0000, 0.0000, 0.0000, 0.0000,
         0.0000],
        [0.7907, 0.8228, 0.8649, 0.9077, 0.0000, 0.0000, 0.0000, 0.0000, 0.0000,
         0.0000],
        [0.7512, 0.7578, 0.8475, 0.8698, 0.9102, 0.0000, 0.0000, 0.0000, 0.0000,
         0.0000],
        [0.6183, 0.7492, 0.8482, 0.8586, 0.8741, 0.9080, 0.0000, 0.0000, 0.0000,
         0.0000],
        [0.6489, 0.7243, 0.7839, 0.8056, 0.8468, 0.8723, 0.9068, 0.0000, 0.0000,
         0.0000],
        [0.6268, 0.6732, 0.7355, 0.7187, 0.8092, 0.8587, 0.8768, 0.9070, 0.0000,
         0.0000],
        [0.6030, 0.5963, 0.6253, 0.6288, 0.7230, 0.7713, 0.8175, 0.8822, 0.9071,
         0.0000],
        [0.4557, 0.5315, 0.5327, 0.5762, 0.6894, 0.7427, 0.8105, 0.8488, 0.8647,
         0.9069]])
tensor(0.6959)
tensor(0.7818)
tensor(0.2341)
tensor(0.1516)
