tensor([[0.8960, 0.0000, 0.0000, 0.0000, 0.0000, 0.0000, 0.0000, 0.0000, 0.0000,
         0.0000],
        [0.8531, 0.9026, 0.0000, 0.0000, 0.0000, 0.0000, 0.0000, 0.0000, 0.0000,
         0.0000],
        [0.8318, 0.8843, 0.9024, 0.0000, 0.0000, 0.0000, 0.0000, 0.0000, 0.0000,
         0.0000],
        [0.8236, 0.8582, 0.8728, 0.9073, 0.0000, 0.0000, 0.0000, 0.0000, 0.0000,
         0.0000],
        [0.7835, 0.8351, 0.8471, 0.8777, 0.9024, 0.0000, 0.0000, 0.0000, 0.0000,
         0.0000],
        [0.6581, 0.8155, 0.7256, 0.7679, 0.8401, 0.9094, 0.0000, 0.0000, 0.0000,
         0.0000],
        [0.6643, 0.7894, 0.6883, 0.7144, 0.7861, 0.8896, 0.9071, 0.0000, 0.0000,
         0.0000],
        [0.6076, 0.7494, 0.6435, 0.5367, 0.7862, 0.8128, 0.8753, 0.9091, 0.0000,
         0.0000],
        [0.6509, 0.7105, 0.6244, 0.6020, 0.7775, 0.7847, 0.8166, 0.8669, 0.9062,
         0.0000],
        [0.5688, 0.6330, 0.5943, 0.5448, 0.7009, 0.7242, 0.7671, 0.8251, 0.8672,
         0.9051]])
final average accuracy:  tensor(0.7131)
total average accuracy:  tensor(0.7804)
final forget:  tensor(0.2130)
total forget:  tensor(0.1503)
