tensor([[0.9065, 0.0000, 0.0000, 0.0000, 0.0000, 0.0000, 0.0000, 0.0000, 0.0000,
         0.0000],
        [0.8851, 0.9067, 0.0000, 0.0000, 0.0000, 0.0000, 0.0000, 0.0000, 0.0000,
         0.0000],
        [0.8504, 0.8733, 0.9031, 0.0000, 0.0000, 0.0000, 0.0000, 0.0000, 0.0000,
         0.0000],
        [0.7931, 0.8203, 0.8696, 0.9049, 0.0000, 0.0000, 0.0000, 0.0000, 0.0000,
         0.0000],
        [0.7566, 0.7782, 0.8447, 0.8676, 0.9020, 0.0000, 0.0000, 0.0000, 0.0000,
         0.0000],
        [0.6485, 0.7488, 0.7907, 0.8514, 0.8474, 0.9084, 0.0000, 0.0000, 0.0000,
         0.0000],
        [0.5631, 0.7786, 0.7325, 0.8204, 0.7946, 0.8414, 0.9047, 0.0000, 0.0000,
         0.0000],
        [0.5177, 0.7450, 0.6944, 0.7906, 0.7994, 0.8119, 0.8575, 0.9070, 0.0000,
         0.0000],
        [0.5550, 0.6980, 0.6564, 0.7165, 0.7899, 0.7632, 0.8293, 0.8611, 0.9070,
         0.0000],
        [0.4501, 0.6399, 0.5790, 0.6856, 0.7361, 0.7367, 0.6443, 0.8298, 0.8774,
         0.9076]])
final average accuracy:  tensor(0.7086)
total average accuracy:  tensor(0.7833)
final forget:  tensor(0.2190)
total forget:  tensor(0.1494)
