tensor([[0.9183, 0.0000, 0.0000, 0.0000, 0.0000, 0.0000, 0.0000, 0.0000, 0.0000,
         0.0000],
        [0.8867, 0.9152, 0.0000, 0.0000, 0.0000, 0.0000, 0.0000, 0.0000, 0.0000,
         0.0000],
        [0.8535, 0.8914, 0.9203, 0.0000, 0.0000, 0.0000, 0.0000, 0.0000, 0.0000,
         0.0000],
        [0.8163, 0.8582, 0.9057, 0.9222, 0.0000, 0.0000, 0.0000, 0.0000, 0.0000,
         0.0000],
        [0.8106, 0.8524, 0.8959, 0.9137, 0.9193, 0.0000, 0.0000, 0.0000, 0.0000,
         0.0000],
        [0.8159, 0.8418, 0.8875, 0.8737, 0.9126, 0.9180, 0.0000, 0.0000, 0.0000,
         0.0000],
        [0.7391, 0.8048, 0.8605, 0.8653, 0.8962, 0.9039, 0.9230, 0.0000, 0.0000,
         0.0000],
        [0.6731, 0.7367, 0.8297, 0.8471, 0.8668, 0.8787, 0.9044, 0.9236, 0.0000,
         0.0000],
        [0.6457, 0.7225, 0.8511, 0.8256, 0.8765, 0.8818, 0.8930, 0.9126, 0.9259,
         0.0000],
        [0.6538, 0.6930, 0.8369, 0.8562, 0.8406, 0.8559, 0.8837, 0.8916, 0.8995,
         0.9231]])
final average accuracy:  tensor(0.8334)
total average accuracy:  tensor(0.8555)
final forget:  tensor(0.0972)
total forget:  tensor(0.0784)
