lr = 0.400, batch size = 256
seq len = 10, exp num = 4
tensor([[0.9219, 0.0000, 0.0000, 0.0000, 0.0000, 0.0000, 0.0000, 0.0000, 0.0000,
         0.0000],
        [0.8994, 0.9270, 0.0000, 0.0000, 0.0000, 0.0000, 0.0000, 0.0000, 0.0000,
         0.0000],
        [0.8467, 0.8721, 0.9288, 0.0000, 0.0000, 0.0000, 0.0000, 0.0000, 0.0000,
         0.0000],
        [0.7521, 0.7725, 0.7933, 0.9252, 0.0000, 0.0000, 0.0000, 0.0000, 0.0000,
         0.0000],
        [0.6292, 0.6768, 0.6866, 0.8164, 0.9264, 0.0000, 0.0000, 0.0000, 0.0000,
         0.0000],
        [0.5259, 0.6522, 0.6774, 0.7789, 0.8739, 0.9342, 0.0000, 0.0000, 0.0000,
         0.0000],
        [0.4697, 0.6048, 0.6496, 0.6761, 0.7949, 0.8698, 0.9310, 0.0000, 0.0000,
         0.0000],
        [0.4145, 0.5197, 0.5506, 0.5936, 0.7834, 0.7952, 0.8538, 0.9354, 0.0000,
         0.0000],
        [0.4221, 0.5562, 0.5221, 0.6070, 0.7505, 0.7442, 0.8119, 0.8716, 0.9265,
         0.0000],
        [0.3613, 0.5103, 0.4906, 0.6587, 0.6917, 0.6972, 0.7025, 0.7456, 0.8217,
         0.9261]])
final average acc: 0.661, std: 0.030
total average acc: 0.729, std: 0.013
final forget: 0.297, std: 0.032
total forget: 0.243, std: 0.014
