lr = 0.320, batch size = 256
seq len = 10, exp num = 4
tensor([[0.9200, 0.0000, 0.0000, 0.0000, 0.0000, 0.0000, 0.0000, 0.0000, 0.0000,
         0.0000],
        [0.8769, 0.9277, 0.0000, 0.0000, 0.0000, 0.0000, 0.0000, 0.0000, 0.0000,
         0.0000],
        [0.8435, 0.8889, 0.9300, 0.0000, 0.0000, 0.0000, 0.0000, 0.0000, 0.0000,
         0.0000],
        [0.7942, 0.8466, 0.8958, 0.9233, 0.0000, 0.0000, 0.0000, 0.0000, 0.0000,
         0.0000],
        [0.7292, 0.7208, 0.7875, 0.8356, 0.9240, 0.0000, 0.0000, 0.0000, 0.0000,
         0.0000],
        [0.6508, 0.7020, 0.7431, 0.7497, 0.8420, 0.9264, 0.0000, 0.0000, 0.0000,
         0.0000],
        [0.6298, 0.6726, 0.6459, 0.7191, 0.7887, 0.8266, 0.9224, 0.0000, 0.0000,
         0.0000],
        [0.6395, 0.6202, 0.6032, 0.6621, 0.7160, 0.7629, 0.8171, 0.9208, 0.0000,
         0.0000],
        [0.5959, 0.6040, 0.5970, 0.6393, 0.6502, 0.7312, 0.7704, 0.8802, 0.9325,
         0.0000],
        [0.5487, 0.5852, 0.5779, 0.5896, 0.6201, 0.7053, 0.6800, 0.7701, 0.8390,
         0.9238]])
final average acc: 0.684, std: 0.041
total average acc: 0.757, std: 0.033
final forget: 0.268, std: 0.043
total forget: 0.205, std: 0.038
