lr = 0.300, batch size = 256
seq len = 10, exp num = 4
tensor([[0.9086, 0.0000, 0.0000, 0.0000, 0.0000, 0.0000, 0.0000, 0.0000, 0.0000,
         0.0000],
        [0.8787, 0.9239, 0.0000, 0.0000, 0.0000, 0.0000, 0.0000, 0.0000, 0.0000,
         0.0000],
        [0.8253, 0.8720, 0.9230, 0.0000, 0.0000, 0.0000, 0.0000, 0.0000, 0.0000,
         0.0000],
        [0.8284, 0.7964, 0.8887, 0.9230, 0.0000, 0.0000, 0.0000, 0.0000, 0.0000,
         0.0000],
        [0.7559, 0.7545, 0.8266, 0.8679, 0.9298, 0.0000, 0.0000, 0.0000, 0.0000,
         0.0000],
        [0.6986, 0.7335, 0.7678, 0.8349, 0.8867, 0.9208, 0.0000, 0.0000, 0.0000,
         0.0000],
        [0.6541, 0.6714, 0.6946, 0.7924, 0.8338, 0.8752, 0.9275, 0.0000, 0.0000,
         0.0000],
        [0.5873, 0.5995, 0.6290, 0.7045, 0.7744, 0.8300, 0.8867, 0.9267, 0.0000,
         0.0000],
        [0.5272, 0.5533, 0.5702, 0.6440, 0.6707, 0.7719, 0.8520, 0.8685, 0.9279,
         0.0000],
        [0.5149, 0.5034, 0.5476, 0.6512, 0.6431, 0.7040, 0.7552, 0.7929, 0.8565,
         0.9287]])
final average acc: 0.690, std: 0.013
total average acc: 0.771, std: 0.027
final forget: 0.260, std: 0.010
total forget: 0.184, std: 0.029
