lr = 0.340, batch size = 256
seq len = 10, exp num = 4
tensor([[0.9164, 0.0000, 0.0000, 0.0000, 0.0000, 0.0000, 0.0000, 0.0000, 0.0000,
         0.0000],
        [0.8781, 0.9286, 0.0000, 0.0000, 0.0000, 0.0000, 0.0000, 0.0000, 0.0000,
         0.0000],
        [0.8045, 0.8803, 0.9304, 0.0000, 0.0000, 0.0000, 0.0000, 0.0000, 0.0000,
         0.0000],
        [0.7442, 0.8271, 0.8784, 0.9298, 0.0000, 0.0000, 0.0000, 0.0000, 0.0000,
         0.0000],
        [0.6766, 0.7257, 0.7921, 0.8530, 0.9300, 0.0000, 0.0000, 0.0000, 0.0000,
         0.0000],
        [0.6665, 0.6749, 0.7630, 0.7931, 0.8544, 0.9293, 0.0000, 0.0000, 0.0000,
         0.0000],
        [0.6385, 0.6550, 0.7096, 0.7682, 0.7948, 0.8302, 0.9323, 0.0000, 0.0000,
         0.0000],
        [0.6176, 0.6446, 0.6838, 0.7239, 0.7573, 0.7855, 0.8765, 0.9286, 0.0000,
         0.0000],
        [0.5705, 0.5456, 0.6210, 0.7016, 0.6915, 0.7257, 0.8243, 0.8737, 0.9265,
         0.0000],
        [0.5855, 0.5541, 0.5961, 0.6431, 0.5958, 0.6867, 0.7975, 0.8136, 0.8646,
         0.9294]])
final average acc: 0.707, std: 0.028
total average acc: 0.769, std: 0.005
final forget: 0.246, std: 0.031
total forget: 0.194, std: 0.007
