lr = 0.360, batch size = 256
seq len = 10, exp num = 4
tensor([[0.9201, 0.0000, 0.0000, 0.0000, 0.0000, 0.0000, 0.0000, 0.0000, 0.0000,
         0.0000],
        [0.8945, 0.9269, 0.0000, 0.0000, 0.0000, 0.0000, 0.0000, 0.0000, 0.0000,
         0.0000],
        [0.8322, 0.8987, 0.9301, 0.0000, 0.0000, 0.0000, 0.0000, 0.0000, 0.0000,
         0.0000],
        [0.7449, 0.8489, 0.8419, 0.9292, 0.0000, 0.0000, 0.0000, 0.0000, 0.0000,
         0.0000],
        [0.7045, 0.7893, 0.7766, 0.8573, 0.9298, 0.0000, 0.0000, 0.0000, 0.0000,
         0.0000],
        [0.6721, 0.7587, 0.7255, 0.7758, 0.8039, 0.9218, 0.0000, 0.0000, 0.0000,
         0.0000],
        [0.5721, 0.6745, 0.6628, 0.7222, 0.7526, 0.7912, 0.9312, 0.0000, 0.0000,
         0.0000],
        [0.5309, 0.5593, 0.6565, 0.6737, 0.7145, 0.7718, 0.8722, 0.9312, 0.0000,
         0.0000],
        [0.4832, 0.5745, 0.6530, 0.6336, 0.6912, 0.6754, 0.7291, 0.8537, 0.9286,
         0.0000],
        [0.5029, 0.5400, 0.6302, 0.5982, 0.6135, 0.6460, 0.7074, 0.7966, 0.8797,
         0.9302]])
final average acc: 0.684, std: 0.019
total average acc: 0.752, std: 0.021
final forget: 0.271, std: 0.022
total forget: 0.214, std: 0.027
