lr = 0.380, batch size = 256
seq len = 10, exp num = 4
tensor([[0.9203, 0.0000, 0.0000, 0.0000, 0.0000, 0.0000, 0.0000, 0.0000, 0.0000,
         0.0000],
        [0.8819, 0.9251, 0.0000, 0.0000, 0.0000, 0.0000, 0.0000, 0.0000, 0.0000,
         0.0000],
        [0.8276, 0.8993, 0.9289, 0.0000, 0.0000, 0.0000, 0.0000, 0.0000, 0.0000,
         0.0000],
        [0.7892, 0.8229, 0.8314, 0.9333, 0.0000, 0.0000, 0.0000, 0.0000, 0.0000,
         0.0000],
        [0.7201, 0.7523, 0.7897, 0.8611, 0.9323, 0.0000, 0.0000, 0.0000, 0.0000,
         0.0000],
        [0.6232, 0.6680, 0.6830, 0.7586, 0.8691, 0.9260, 0.0000, 0.0000, 0.0000,
         0.0000],
        [0.6058, 0.6084, 0.6737, 0.7174, 0.7585, 0.7817, 0.9260, 0.0000, 0.0000,
         0.0000],
        [0.4997, 0.5497, 0.6245, 0.5812, 0.6770, 0.6875, 0.8196, 0.9233, 0.0000,
         0.0000],
        [0.4880, 0.6077, 0.5818, 0.6479, 0.6376, 0.6866, 0.7826, 0.8142, 0.9315,
         0.0000],
        [0.4591, 0.5124, 0.5161, 0.5607, 0.6262, 0.6522, 0.7305, 0.7555, 0.8690,
         0.9212]])
final average acc: 0.660, std: 0.044
total average acc: 0.737, std: 0.026
final forget: 0.296, std: 0.050
total forget: 0.231, std: 0.031
