lr = 0.357, batch size = 256
seq len = 10, exp num = 1
tensor([[0.9197, 0.0000, 0.0000, 0.0000, 0.0000, 0.0000, 0.0000, 0.0000, 0.0000,
         0.0000],
        [0.8696, 0.9334, 0.0000, 0.0000, 0.0000, 0.0000, 0.0000, 0.0000, 0.0000,
         0.0000],
        [0.8742, 0.8900, 0.9251, 0.0000, 0.0000, 0.0000, 0.0000, 0.0000, 0.0000,
         0.0000],
        [0.8273, 0.8342, 0.8916, 0.9300, 0.0000, 0.0000, 0.0000, 0.0000, 0.0000,
         0.0000],
        [0.6543, 0.7692, 0.7996, 0.7950, 0.9303, 0.0000, 0.0000, 0.0000, 0.0000,
         0.0000],
        [0.5637, 0.7722, 0.6963, 0.7313, 0.7585, 0.9141, 0.0000, 0.0000, 0.0000,
         0.0000],
        [0.5206, 0.7382, 0.6264, 0.7411, 0.6168, 0.8169, 0.9282, 0.0000, 0.0000,
         0.0000],
        [0.4733, 0.6289, 0.5583, 0.7902, 0.5085, 0.7933, 0.9044, 0.9342, 0.0000,
         0.0000],
        [0.3256, 0.5897, 0.4799, 0.7091, 0.4098, 0.5422, 0.8050, 0.8347, 0.9255,
         0.0000],
        [0.5077, 0.6463, 0.5521, 0.7432, 0.5972, 0.5985, 0.7506, 0.8238, 0.8633,
         0.9283]])
final average acc: 0.701, std: nan
total average acc: 0.736, std: nan
final forget: 0.251, std: nan
total forget: 0.233, std: nan
