lr = 0.277, batch size = 256
seq len = 10, exp num = 1
tensor([[0.9147, 0.0000, 0.0000, 0.0000, 0.0000, 0.0000, 0.0000, 0.0000, 0.0000,
         0.0000],
        [0.8729, 0.9201, 0.0000, 0.0000, 0.0000, 0.0000, 0.0000, 0.0000, 0.0000,
         0.0000],
        [0.8152, 0.8950, 0.9218, 0.0000, 0.0000, 0.0000, 0.0000, 0.0000, 0.0000,
         0.0000],
        [0.8092, 0.8672, 0.8651, 0.9302, 0.0000, 0.0000, 0.0000, 0.0000, 0.0000,
         0.0000],
        [0.7334, 0.7588, 0.8523, 0.8778, 0.9196, 0.0000, 0.0000, 0.0000, 0.0000,
         0.0000],
        [0.6571, 0.6738, 0.8324, 0.8760, 0.8476, 0.9275, 0.0000, 0.0000, 0.0000,
         0.0000],
        [0.6077, 0.6436, 0.7331, 0.7806, 0.7766, 0.8556, 0.9258, 0.0000, 0.0000,
         0.0000],
        [0.5565, 0.5498, 0.6508, 0.7683, 0.6767, 0.8325, 0.8848, 0.9181, 0.0000,
         0.0000],
        [0.5949, 0.5641, 0.6509, 0.7036, 0.6896, 0.8068, 0.8102, 0.8913, 0.9298,
         0.0000],
        [0.4207, 0.5047, 0.6019, 0.5929, 0.6581, 0.7497, 0.7998, 0.8330, 0.8879,
         0.9330]])
final average acc: 0.698, std: nan
total average acc: 0.774, std: nan
final forget: 0.251, std: nan
total forget: 0.182, std: nan
