lr = 0.460, batch size = 256
seq len = 10, exp num = 1
tensor([[0.9227, 0.0000, 0.0000, 0.0000, 0.0000, 0.0000, 0.0000, 0.0000, 0.0000,
         0.0000],
        [0.8635, 0.9375, 0.0000, 0.0000, 0.0000, 0.0000, 0.0000, 0.0000, 0.0000,
         0.0000],
        [0.8692, 0.9028, 0.9061, 0.0000, 0.0000, 0.0000, 0.0000, 0.0000, 0.0000,
         0.0000],
        [0.6959, 0.7499, 0.8741, 0.9228, 0.0000, 0.0000, 0.0000, 0.0000, 0.0000,
         0.0000],
        [0.6870, 0.8060, 0.8637, 0.8284, 0.9412, 0.0000, 0.0000, 0.0000, 0.0000,
         0.0000],
        [0.5846, 0.7189, 0.8248, 0.6948, 0.8051, 0.9182, 0.0000, 0.0000, 0.0000,
         0.0000],
        [0.4862, 0.5470, 0.6382, 0.6920, 0.6922, 0.8309, 0.9228, 0.0000, 0.0000,
         0.0000],
        [0.3914, 0.7252, 0.5626, 0.5612, 0.4773, 0.5970, 0.6559, 0.9162, 0.0000,
         0.0000],
        [0.5722, 0.6503, 0.6262, 0.5761, 0.4983, 0.6080, 0.6149, 0.6817, 0.9106,
         0.0000],
        [0.3407, 0.4868, 0.6076, 0.4235, 0.4683, 0.4870, 0.4118, 0.5061, 0.6408,
         0.9275]])
final average acc: 0.530, std: nan
total average acc: 0.692, std: nan
final forget: 0.436, std: nan
total forget: 0.283, std: nan
