lr = 0.423, batch size = 256
seq len = 10, exp num = 1
tensor([[0.9280, 0.0000, 0.0000, 0.0000, 0.0000, 0.0000, 0.0000, 0.0000, 0.0000,
         0.0000],
        [0.8694, 0.9184, 0.0000, 0.0000, 0.0000, 0.0000, 0.0000, 0.0000, 0.0000,
         0.0000],
        [0.7511, 0.8782, 0.9273, 0.0000, 0.0000, 0.0000, 0.0000, 0.0000, 0.0000,
         0.0000],
        [0.6949, 0.7006, 0.7550, 0.9316, 0.0000, 0.0000, 0.0000, 0.0000, 0.0000,
         0.0000],
        [0.5623, 0.4607, 0.5187, 0.5868, 0.9230, 0.0000, 0.0000, 0.0000, 0.0000,
         0.0000],
        [0.4742, 0.5215, 0.4765, 0.5377, 0.8213, 0.9364, 0.0000, 0.0000, 0.0000,
         0.0000],
        [0.5976, 0.5001, 0.5476, 0.5315, 0.7590, 0.8507, 0.9200, 0.0000, 0.0000,
         0.0000],
        [0.4545, 0.5064, 0.5250, 0.5329, 0.6737, 0.7983, 0.7534, 0.9270, 0.0000,
         0.0000],
        [0.4001, 0.4967, 0.4999, 0.5560, 0.6542, 0.6884, 0.6517, 0.7946, 0.9209,
         0.0000],
        [0.4670, 0.5374, 0.5025, 0.5177, 0.6607, 0.6755, 0.6044, 0.7694, 0.8286,
         0.9193]])
final average acc: 0.648, std: nan
total average acc: 0.676, std: nan
final forget: 0.308, std: nan
total forget: 0.305, std: nan
