lr = 0.153, batch size = 256
seq len = 10, exp num = 1
tensor([[0.9058, 0.0000, 0.0000, 0.0000, 0.0000, 0.0000, 0.0000, 0.0000, 0.0000,
         0.0000],
        [0.8781, 0.9100, 0.0000, 0.0000, 0.0000, 0.0000, 0.0000, 0.0000, 0.0000,
         0.0000],
        [0.8009, 0.8866, 0.9156, 0.0000, 0.0000, 0.0000, 0.0000, 0.0000, 0.0000,
         0.0000],
        [0.7429, 0.8209, 0.8874, 0.9166, 0.0000, 0.0000, 0.0000, 0.0000, 0.0000,
         0.0000],
        [0.7379, 0.7675, 0.8562, 0.9001, 0.9239, 0.0000, 0.0000, 0.0000, 0.0000,
         0.0000],
        [0.7395, 0.6999, 0.8108, 0.8726, 0.8966, 0.9168, 0.0000, 0.0000, 0.0000,
         0.0000],
        [0.6269, 0.6297, 0.7831, 0.8227, 0.8289, 0.8990, 0.9161, 0.0000, 0.0000,
         0.0000],
        [0.5513, 0.4855, 0.7090, 0.6997, 0.7138, 0.8378, 0.9001, 0.9174, 0.0000,
         0.0000],
        [0.5610, 0.5201, 0.7154, 0.7213, 0.6771, 0.8383, 0.8668, 0.9039, 0.9212,
         0.0000],
        [0.5256, 0.4353, 0.6061, 0.6283, 0.6867, 0.7810, 0.8477, 0.8649, 0.8925,
         0.9206]])
final average acc: 0.719, std: nan
total average acc: 0.782, std: nan
final forget: 0.219, std: nan
total forget: 0.162, std: nan
