lr = 0.100, batch size = 256
seq len = 10, exp num = 1
tensor([[0.8952, 0.0000, 0.0000, 0.0000, 0.0000, 0.0000, 0.0000, 0.0000, 0.0000,
         0.0000],
        [0.8596, 0.9015, 0.0000, 0.0000, 0.0000, 0.0000, 0.0000, 0.0000, 0.0000,
         0.0000],
        [0.8125, 0.8835, 0.9035, 0.0000, 0.0000, 0.0000, 0.0000, 0.0000, 0.0000,
         0.0000],
        [0.7802, 0.8364, 0.8746, 0.9125, 0.0000, 0.0000, 0.0000, 0.0000, 0.0000,
         0.0000],
        [0.7574, 0.8133, 0.8291, 0.8690, 0.9080, 0.0000, 0.0000, 0.0000, 0.0000,
         0.0000],
        [0.7257, 0.8143, 0.8094, 0.8494, 0.8881, 0.9110, 0.0000, 0.0000, 0.0000,
         0.0000],
        [0.7354, 0.7517, 0.7486, 0.8408, 0.8616, 0.8876, 0.9060, 0.0000, 0.0000,
         0.0000],
        [0.6845, 0.6573, 0.7129, 0.7465, 0.8279, 0.8241, 0.8777, 0.9067, 0.0000,
         0.0000],
        [0.6849, 0.5944, 0.6635, 0.6863, 0.7541, 0.7644, 0.8714, 0.8886, 0.9054,
         0.0000],
        [0.5469, 0.5449, 0.5148, 0.6365, 0.7127, 0.7624, 0.7950, 0.8798, 0.8867,
         0.9132]])
final average acc: 0.719, std: nan
total average acc: 0.797, std: nan
final forget: 0.208, std: nan
total forget: 0.132, std: nan
