lr = 0.181, batch size = 256
seq len = 10, exp num = 1
tensor([[0.9072, 0.0000, 0.0000, 0.0000, 0.0000, 0.0000, 0.0000, 0.0000, 0.0000,
         0.0000],
        [0.8615, 0.9092, 0.0000, 0.0000, 0.0000, 0.0000, 0.0000, 0.0000, 0.0000,
         0.0000],
        [0.8481, 0.8946, 0.9116, 0.0000, 0.0000, 0.0000, 0.0000, 0.0000, 0.0000,
         0.0000],
        [0.8031, 0.8398, 0.8722, 0.9134, 0.0000, 0.0000, 0.0000, 0.0000, 0.0000,
         0.0000],
        [0.7464, 0.8236, 0.8402, 0.8947, 0.9228, 0.0000, 0.0000, 0.0000, 0.0000,
         0.0000],
        [0.7214, 0.7327, 0.8341, 0.8367, 0.8816, 0.9233, 0.0000, 0.0000, 0.0000,
         0.0000],
        [0.6595, 0.5643, 0.8008, 0.8050, 0.8442, 0.8864, 0.9215, 0.0000, 0.0000,
         0.0000],
        [0.6119, 0.5761, 0.7744, 0.7893, 0.7592, 0.8571, 0.9005, 0.9191, 0.0000,
         0.0000],
        [0.4324, 0.4307, 0.6819, 0.6662, 0.6309, 0.7625, 0.8812, 0.9107, 0.9244,
         0.0000],
        [0.4690, 0.4791, 0.5388, 0.6422, 0.6761, 0.6673, 0.8164, 0.8667, 0.9041,
         0.9250]])
final average acc: 0.698, std: nan
total average acc: 0.780, std: nan
final forget: 0.244, std: nan
total forget: 0.165, std: nan
