lr = 0.301, batch size = 256
seq len = 10, exp num = 1
tensor([[0.9203, 0.0000, 0.0000, 0.0000, 0.0000, 0.0000, 0.0000, 0.0000, 0.0000,
         0.0000],
        [0.8299, 0.9246, 0.0000, 0.0000, 0.0000, 0.0000, 0.0000, 0.0000, 0.0000,
         0.0000],
        [0.8137, 0.9058, 0.9257, 0.0000, 0.0000, 0.0000, 0.0000, 0.0000, 0.0000,
         0.0000],
        [0.8066, 0.8632, 0.9010, 0.9157, 0.0000, 0.0000, 0.0000, 0.0000, 0.0000,
         0.0000],
        [0.7603, 0.8151, 0.8848, 0.8917, 0.9279, 0.0000, 0.0000, 0.0000, 0.0000,
         0.0000],
        [0.6587, 0.7443, 0.7676, 0.7512, 0.6623, 0.9326, 0.0000, 0.0000, 0.0000,
         0.0000],
        [0.5474, 0.7438, 0.7347, 0.7791, 0.5736, 0.9137, 0.9321, 0.0000, 0.0000,
         0.0000],
        [0.6038, 0.7170, 0.6437, 0.7718, 0.4930, 0.7901, 0.7955, 0.9334, 0.0000,
         0.0000],
        [0.5670, 0.6345, 0.5246, 0.6803, 0.4701, 0.8003, 0.8063, 0.8860, 0.9282,
         0.0000],
        [0.4491, 0.6140, 0.5549, 0.7137, 0.5632, 0.7829, 0.7553, 0.8293, 0.8277,
         0.9282]])
final average acc: 0.702, std: nan
total average acc: 0.762, std: nan
final forget: 0.250, std: nan
total forget: 0.200, std: nan
