lr = 0.328, batch size = 256
seq len = 10, exp num = 1
tensor([[0.9193, 0.0000, 0.0000, 0.0000, 0.0000, 0.0000, 0.0000, 0.0000, 0.0000,
         0.0000],
        [0.8987, 0.9137, 0.0000, 0.0000, 0.0000, 0.0000, 0.0000, 0.0000, 0.0000,
         0.0000],
        [0.8858, 0.8681, 0.9302, 0.0000, 0.0000, 0.0000, 0.0000, 0.0000, 0.0000,
         0.0000],
        [0.7920, 0.8597, 0.8973, 0.9280, 0.0000, 0.0000, 0.0000, 0.0000, 0.0000,
         0.0000],
        [0.7812, 0.8232, 0.8668, 0.8931, 0.9314, 0.0000, 0.0000, 0.0000, 0.0000,
         0.0000],
        [0.7312, 0.8199, 0.8126, 0.8066, 0.8896, 0.9336, 0.0000, 0.0000, 0.0000,
         0.0000],
        [0.6299, 0.7893, 0.7399, 0.8274, 0.8270, 0.8937, 0.9152, 0.0000, 0.0000,
         0.0000],
        [0.6071, 0.6664, 0.6660, 0.7832, 0.7535, 0.7540, 0.8398, 0.9290, 0.0000,
         0.0000],
        [0.5362, 0.7326, 0.6389, 0.7206, 0.6325, 0.7113, 0.7871, 0.8508, 0.9331,
         0.0000],
        [0.4708, 0.5862, 0.5739, 0.6677, 0.6294, 0.6549, 0.6335, 0.7172, 0.9107,
         0.9239]])
final average acc: 0.677, std: nan
total average acc: 0.784, std: nan
final forget: 0.277, std: nan
total forget: 0.172, std: nan
