lr = 0.215, batch size = 256
seq len = 10, exp num = 1
tensor([[0.9124, 0.0000, 0.0000, 0.0000, 0.0000, 0.0000, 0.0000, 0.0000, 0.0000,
         0.0000],
        [0.8700, 0.9176, 0.0000, 0.0000, 0.0000, 0.0000, 0.0000, 0.0000, 0.0000,
         0.0000],
        [0.8247, 0.8871, 0.9209, 0.0000, 0.0000, 0.0000, 0.0000, 0.0000, 0.0000,
         0.0000],
        [0.7536, 0.8386, 0.8796, 0.9264, 0.0000, 0.0000, 0.0000, 0.0000, 0.0000,
         0.0000],
        [0.7268, 0.8031, 0.8594, 0.9005, 0.9188, 0.0000, 0.0000, 0.0000, 0.0000,
         0.0000],
        [0.7260, 0.6867, 0.7567, 0.8504, 0.8542, 0.9288, 0.0000, 0.0000, 0.0000,
         0.0000],
        [0.6357, 0.6092, 0.6832, 0.7877, 0.8079, 0.9099, 0.9254, 0.0000, 0.0000,
         0.0000],
        [0.6030, 0.6035, 0.6536, 0.7263, 0.8198, 0.8615, 0.8934, 0.9263, 0.0000,
         0.0000],
        [0.5478, 0.5867, 0.5560, 0.6855, 0.6677, 0.7303, 0.8599, 0.8890, 0.9250,
         0.0000],
        [0.4785, 0.6057, 0.5594, 0.6361, 0.6382, 0.7516, 0.8294, 0.8473, 0.8799,
         0.9348]])
final average acc: 0.716, std: nan
total average acc: 0.778, std: nan
final forget: 0.231, std: nan
total forget: 0.175, std: nan
