lr = 0.118, batch size = 256
seq len = 10, exp num = 1
tensor([[0.8949, 0.0000, 0.0000, 0.0000, 0.0000, 0.0000, 0.0000, 0.0000, 0.0000,
         0.0000],
        [0.8717, 0.9070, 0.0000, 0.0000, 0.0000, 0.0000, 0.0000, 0.0000, 0.0000,
         0.0000],
        [0.8123, 0.8726, 0.9102, 0.0000, 0.0000, 0.0000, 0.0000, 0.0000, 0.0000,
         0.0000],
        [0.7184, 0.8574, 0.8660, 0.9143, 0.0000, 0.0000, 0.0000, 0.0000, 0.0000,
         0.0000],
        [0.7183, 0.8353, 0.8553, 0.8896, 0.9098, 0.0000, 0.0000, 0.0000, 0.0000,
         0.0000],
        [0.7237, 0.7705, 0.8144, 0.8669, 0.8297, 0.9101, 0.0000, 0.0000, 0.0000,
         0.0000],
        [0.6327, 0.7515, 0.7393, 0.8286, 0.8126, 0.8764, 0.9110, 0.0000, 0.0000,
         0.0000],
        [0.5638, 0.7371, 0.7381, 0.7921, 0.7415, 0.8305, 0.8890, 0.9138, 0.0000,
         0.0000],
        [0.5410, 0.6372, 0.6305, 0.6795, 0.6424, 0.7770, 0.8246, 0.8874, 0.9173,
         0.0000],
        [0.4554, 0.5770, 0.6122, 0.7063, 0.6334, 0.7726, 0.7995, 0.8674, 0.8556,
         0.9143]])
final average acc: 0.719, std: nan
total average acc: 0.786, std: nan
final forget: 0.212, std: nan
total forget: 0.149, std: nan
