lr = 0.197, batch size = 256
seq len = 10, exp num = 1
tensor([[0.9035, 0.0000, 0.0000, 0.0000, 0.0000, 0.0000, 0.0000, 0.0000, 0.0000,
         0.0000],
        [0.8853, 0.9039, 0.0000, 0.0000, 0.0000, 0.0000, 0.0000, 0.0000, 0.0000,
         0.0000],
        [0.8571, 0.8923, 0.9226, 0.0000, 0.0000, 0.0000, 0.0000, 0.0000, 0.0000,
         0.0000],
        [0.8106, 0.8191, 0.9026, 0.9240, 0.0000, 0.0000, 0.0000, 0.0000, 0.0000,
         0.0000],
        [0.7447, 0.7963, 0.8906, 0.9102, 0.9284, 0.0000, 0.0000, 0.0000, 0.0000,
         0.0000],
        [0.7061, 0.6981, 0.8524, 0.8587, 0.8849, 0.9240, 0.0000, 0.0000, 0.0000,
         0.0000],
        [0.6360, 0.6822, 0.8068, 0.7955, 0.8059, 0.8894, 0.9215, 0.0000, 0.0000,
         0.0000],
        [0.5808, 0.5669, 0.7142, 0.7023, 0.7990, 0.8658, 0.8977, 0.9265, 0.0000,
         0.0000],
        [0.4986, 0.4707, 0.6004, 0.6430, 0.7042, 0.7680, 0.8695, 0.8499, 0.9236,
         0.0000],
        [0.4563, 0.4778, 0.4869, 0.5849, 0.6512, 0.7601, 0.8138, 0.7438, 0.8967,
         0.9281]])
final average acc: 0.680, std: nan
total average acc: 0.777, std: nan
final forget: 0.267, std: nan
total forget: 0.171, std: nan
