lr = 0.109, batch size = 256
seq len = 10, exp num = 1
tensor([[0.8941, 0.0000, 0.0000, 0.0000, 0.0000, 0.0000, 0.0000, 0.0000, 0.0000,
         0.0000],
        [0.8852, 0.9073, 0.0000, 0.0000, 0.0000, 0.0000, 0.0000, 0.0000, 0.0000,
         0.0000],
        [0.8647, 0.8794, 0.9102, 0.0000, 0.0000, 0.0000, 0.0000, 0.0000, 0.0000,
         0.0000],
        [0.8396, 0.8712, 0.8771, 0.9103, 0.0000, 0.0000, 0.0000, 0.0000, 0.0000,
         0.0000],
        [0.8260, 0.8006, 0.8125, 0.8840, 0.9123, 0.0000, 0.0000, 0.0000, 0.0000,
         0.0000],
        [0.7439, 0.7363, 0.7964, 0.8408, 0.8844, 0.9143, 0.0000, 0.0000, 0.0000,
         0.0000],
        [0.6910, 0.6707, 0.6669, 0.8373, 0.8554, 0.8854, 0.9151, 0.0000, 0.0000,
         0.0000],
        [0.6402, 0.6664, 0.6213, 0.7550, 0.8020, 0.8551, 0.8874, 0.9001, 0.0000,
         0.0000],
        [0.6451, 0.5979, 0.5860, 0.7437, 0.7333, 0.8180, 0.8572, 0.8711, 0.9091,
         0.0000],
        [0.5829, 0.5198, 0.4901, 0.7008, 0.6588, 0.7703, 0.8043, 0.8692, 0.8830,
         0.9118]])
final average acc: 0.719, std: nan
total average acc: 0.793, std: nan
final forget: 0.210, std: nan
total forget: 0.140, std: nan
