lr = 0.129, batch size = 256
seq len = 10, exp num = 1
tensor([[0.9024, 0.0000, 0.0000, 0.0000, 0.0000, 0.0000, 0.0000, 0.0000, 0.0000,
         0.0000],
        [0.8850, 0.9101, 0.0000, 0.0000, 0.0000, 0.0000, 0.0000, 0.0000, 0.0000,
         0.0000],
        [0.8392, 0.8790, 0.9111, 0.0000, 0.0000, 0.0000, 0.0000, 0.0000, 0.0000,
         0.0000],
        [0.7641, 0.8295, 0.8768, 0.9098, 0.0000, 0.0000, 0.0000, 0.0000, 0.0000,
         0.0000],
        [0.7672, 0.7849, 0.8475, 0.8904, 0.9139, 0.0000, 0.0000, 0.0000, 0.0000,
         0.0000],
        [0.6303, 0.7242, 0.8013, 0.8666, 0.8823, 0.9165, 0.0000, 0.0000, 0.0000,
         0.0000],
        [0.5599, 0.7186, 0.7584, 0.8229, 0.8640, 0.8849, 0.9159, 0.0000, 0.0000,
         0.0000],
        [0.5328, 0.6146, 0.6993, 0.8031, 0.8132, 0.8615, 0.8675, 0.9095, 0.0000,
         0.0000],
        [0.5066, 0.5600, 0.6774, 0.7094, 0.7694, 0.8131, 0.8371, 0.8944, 0.9104,
         0.0000],
        [0.5562, 0.5563, 0.6893, 0.6580, 0.7638, 0.7977, 0.7290, 0.8487, 0.8688,
         0.9167]])
final average acc: 0.738, std: nan
total average acc: 0.789, std: nan
final forget: 0.192, std: nan
total forget: 0.148, std: nan
