lr = 0.140, batch size = 256
seq len = 10, exp num = 1
tensor([[0.8988, 0.0000, 0.0000, 0.0000, 0.0000, 0.0000, 0.0000, 0.0000, 0.0000,
         0.0000],
        [0.8859, 0.9133, 0.0000, 0.0000, 0.0000, 0.0000, 0.0000, 0.0000, 0.0000,
         0.0000],
        [0.8571, 0.8853, 0.9120, 0.0000, 0.0000, 0.0000, 0.0000, 0.0000, 0.0000,
         0.0000],
        [0.7907, 0.8586, 0.8525, 0.9192, 0.0000, 0.0000, 0.0000, 0.0000, 0.0000,
         0.0000],
        [0.7649, 0.8281, 0.8361, 0.8802, 0.9137, 0.0000, 0.0000, 0.0000, 0.0000,
         0.0000],
        [0.6898, 0.6953, 0.8099, 0.8042, 0.8606, 0.9114, 0.0000, 0.0000, 0.0000,
         0.0000],
        [0.6474, 0.6370, 0.7749, 0.7687, 0.8144, 0.8874, 0.9161, 0.0000, 0.0000,
         0.0000],
        [0.5932, 0.5998, 0.6879, 0.7277, 0.8230, 0.8694, 0.8844, 0.9163, 0.0000,
         0.0000],
        [0.5599, 0.4406, 0.6282, 0.7355, 0.7909, 0.8177, 0.8388, 0.8962, 0.9123,
         0.0000],
        [0.4351, 0.4077, 0.5212, 0.6230, 0.6833, 0.7324, 0.7382, 0.8681, 0.8844,
         0.9174]])
final average acc: 0.681, std: nan
total average acc: 0.777, std: nan
final forget: 0.258, std: nan
total forget: 0.164, std: nan
