lr = 0.254, batch size = 256
seq len = 10, exp num = 1
tensor([[0.9122, 0.0000, 0.0000, 0.0000, 0.0000, 0.0000, 0.0000, 0.0000, 0.0000,
         0.0000],
        [0.8439, 0.9149, 0.0000, 0.0000, 0.0000, 0.0000, 0.0000, 0.0000, 0.0000,
         0.0000],
        [0.8030, 0.8894, 0.9190, 0.0000, 0.0000, 0.0000, 0.0000, 0.0000, 0.0000,
         0.0000],
        [0.7574, 0.8227, 0.8301, 0.9271, 0.0000, 0.0000, 0.0000, 0.0000, 0.0000,
         0.0000],
        [0.6593, 0.8107, 0.7732, 0.8686, 0.9233, 0.0000, 0.0000, 0.0000, 0.0000,
         0.0000],
        [0.6885, 0.8075, 0.7324, 0.7949, 0.8329, 0.9276, 0.0000, 0.0000, 0.0000,
         0.0000],
        [0.6265, 0.6216, 0.7186, 0.7442, 0.7795, 0.8908, 0.9314, 0.0000, 0.0000,
         0.0000],
        [0.6563, 0.6532, 0.7566, 0.7453, 0.6845, 0.8008, 0.9036, 0.9276, 0.0000,
         0.0000],
        [0.5847, 0.5182, 0.6794, 0.5801, 0.5816, 0.8172, 0.8161, 0.8340, 0.9272,
         0.0000],
        [0.5165, 0.6056, 0.5993, 0.4565, 0.4931, 0.7979, 0.7831, 0.8439, 0.9100,
         0.9302]])
final average acc: 0.694, std: nan
total average acc: 0.766, std: nan
final forget: 0.256, std: nan
total forget: 0.189, std: nan
