lr = 0.389, batch size = 256
seq len = 10, exp num = 1
tensor([[0.9221, 0.0000, 0.0000, 0.0000, 0.0000, 0.0000, 0.0000, 0.0000, 0.0000,
         0.0000],
        [0.8810, 0.9235, 0.0000, 0.0000, 0.0000, 0.0000, 0.0000, 0.0000, 0.0000,
         0.0000],
        [0.8434, 0.8211, 0.9331, 0.0000, 0.0000, 0.0000, 0.0000, 0.0000, 0.0000,
         0.0000],
        [0.7696, 0.7855, 0.8377, 0.9327, 0.0000, 0.0000, 0.0000, 0.0000, 0.0000,
         0.0000],
        [0.6558, 0.7395, 0.8182, 0.7733, 0.9271, 0.0000, 0.0000, 0.0000, 0.0000,
         0.0000],
        [0.6440, 0.7015, 0.7597, 0.7271, 0.7426, 0.9165, 0.0000, 0.0000, 0.0000,
         0.0000],
        [0.5824, 0.6587, 0.6368, 0.7454, 0.7355, 0.8644, 0.9362, 0.0000, 0.0000,
         0.0000],
        [0.6114, 0.6392, 0.6467, 0.6687, 0.7189, 0.8333, 0.8395, 0.9357, 0.0000,
         0.0000],
        [0.4898, 0.5834, 0.6450, 0.6979, 0.6004, 0.7562, 0.7072, 0.8752, 0.9357,
         0.0000],
        [0.5558, 0.5936, 0.7172, 0.6346, 0.6652, 0.7433, 0.7380, 0.8621, 0.8553,
         0.9290]])
final average acc: 0.729, std: nan
total average acc: 0.758, std: nan
final forget: 0.222, std: nan
total forget: 0.207, std: nan
