lr = 0.166, batch size = 256
seq len = 10, exp num = 1
tensor([[0.9067, 0.0000, 0.0000, 0.0000, 0.0000, 0.0000, 0.0000, 0.0000, 0.0000,
         0.0000],
        [0.8899, 0.9156, 0.0000, 0.0000, 0.0000, 0.0000, 0.0000, 0.0000, 0.0000,
         0.0000],
        [0.8350, 0.8844, 0.9203, 0.0000, 0.0000, 0.0000, 0.0000, 0.0000, 0.0000,
         0.0000],
        [0.7845, 0.8569, 0.8912, 0.9178, 0.0000, 0.0000, 0.0000, 0.0000, 0.0000,
         0.0000],
        [0.7169, 0.8430, 0.8192, 0.8881, 0.9217, 0.0000, 0.0000, 0.0000, 0.0000,
         0.0000],
        [0.6490, 0.7530, 0.7853, 0.8559, 0.8967, 0.9182, 0.0000, 0.0000, 0.0000,
         0.0000],
        [0.5770, 0.7188, 0.7320, 0.8031, 0.8779, 0.8576, 0.9123, 0.0000, 0.0000,
         0.0000],
        [0.5444, 0.7075, 0.6953, 0.7287, 0.8421, 0.8170, 0.8944, 0.9284, 0.0000,
         0.0000],
        [0.4876, 0.5069, 0.5729, 0.6256, 0.7922, 0.8103, 0.8531, 0.8809, 0.9183,
         0.0000],
        [0.3986, 0.5687, 0.4111, 0.5954, 0.7302, 0.7821, 0.7861, 0.8360, 0.8852,
         0.9267]])
final average acc: 0.692, std: nan
total average acc: 0.779, std: nan
final forget: 0.252, std: nan
total forget: 0.168, std: nan
