lr = 0.501, batch size = 256
seq len = 10, exp num = 1
tensor([[0.9283, 0.0000, 0.0000, 0.0000, 0.0000, 0.0000, 0.0000, 0.0000, 0.0000,
         0.0000],
        [0.9061, 0.9382, 0.0000, 0.0000, 0.0000, 0.0000, 0.0000, 0.0000, 0.0000,
         0.0000],
        [0.8288, 0.8722, 0.9342, 0.0000, 0.0000, 0.0000, 0.0000, 0.0000, 0.0000,
         0.0000],
        [0.7979, 0.7749, 0.7884, 0.9285, 0.0000, 0.0000, 0.0000, 0.0000, 0.0000,
         0.0000],
        [0.7661, 0.6828, 0.7001, 0.8349, 0.9404, 0.0000, 0.0000, 0.0000, 0.0000,
         0.0000],
        [0.7897, 0.6861, 0.6885, 0.7762, 0.8252, 0.8973, 0.0000, 0.0000, 0.0000,
         0.0000],
        [0.6752, 0.6135, 0.6474, 0.7398, 0.7043, 0.7087, 0.9331, 0.0000, 0.0000,
         0.0000],
        [0.5707, 0.6182, 0.6517, 0.6136, 0.7027, 0.7367, 0.7180, 0.9224, 0.0000,
         0.0000],
        [0.5113, 0.5357, 0.5244, 0.5595, 0.6517, 0.7197, 0.7232, 0.7441, 0.9176,
         0.0000],
        [0.4442, 0.4737, 0.5315, 0.4287, 0.6223, 0.5560, 0.6524, 0.5727, 0.8341,
         0.9326]])
final average acc: 0.605, std: nan
total average acc: 0.723, std: nan
final forget: 0.358, std: nan
total forget: 0.252, std: nan
