lr = 0.234, batch size = 256
seq len = 10, exp num = 1
tensor([[0.9052, 0.0000, 0.0000, 0.0000, 0.0000, 0.0000, 0.0000, 0.0000, 0.0000,
         0.0000],
        [0.8757, 0.9142, 0.0000, 0.0000, 0.0000, 0.0000, 0.0000, 0.0000, 0.0000,
         0.0000],
        [0.8341, 0.8997, 0.9219, 0.0000, 0.0000, 0.0000, 0.0000, 0.0000, 0.0000,
         0.0000],
        [0.8240, 0.8625, 0.8971, 0.9246, 0.0000, 0.0000, 0.0000, 0.0000, 0.0000,
         0.0000],
        [0.8141, 0.8291, 0.8368, 0.9069, 0.9264, 0.0000, 0.0000, 0.0000, 0.0000,
         0.0000],
        [0.7427, 0.7304, 0.7440, 0.8509, 0.8767, 0.9304, 0.0000, 0.0000, 0.0000,
         0.0000],
        [0.7122, 0.6264, 0.6421, 0.8044, 0.8094, 0.8822, 0.9262, 0.0000, 0.0000,
         0.0000],
        [0.7547, 0.6030, 0.6151, 0.6502, 0.7942, 0.8548, 0.8774, 0.9275, 0.0000,
         0.0000],
        [0.6104, 0.4718, 0.4668, 0.5176, 0.6929, 0.7790, 0.7782, 0.8724, 0.9302,
         0.0000],
        [0.5191, 0.4876, 0.4356, 0.4524, 0.6409, 0.7308, 0.6877, 0.8459, 0.8962,
         0.9242]])
final average acc: 0.662, std: nan
total average acc: 0.768, std: nan
final forget: 0.290, std: nan
total forget: 0.185, std: nan
