lr = 0.340, alpha = 0.197, batch size = 256
seq len = 10, exp num = 1
tensor([[0.9253, 0.0000, 0.0000, 0.0000, 0.0000, 0.0000, 0.0000, 0.0000, 0.0000,
         0.0000],
        [0.8612, 0.9313, 0.0000, 0.0000, 0.0000, 0.0000, 0.0000, 0.0000, 0.0000,
         0.0000],
        [0.6242, 0.6907, 0.9181, 0.0000, 0.0000, 0.0000, 0.0000, 0.0000, 0.0000,
         0.0000],
        [0.7924, 0.7433, 0.7686, 0.9287, 0.0000, 0.0000, 0.0000, 0.0000, 0.0000,
         0.0000],
        [0.7109, 0.6582, 0.7244, 0.8942, 0.9317, 0.0000, 0.0000, 0.0000, 0.0000,
         0.0000],
        [0.6378, 0.6503, 0.6067, 0.8355, 0.9014, 0.9391, 0.0000, 0.0000, 0.0000,
         0.0000],
        [0.5492, 0.6301, 0.5765, 0.7040, 0.8087, 0.8570, 0.9264, 0.0000, 0.0000,
         0.0000],
        [0.5583, 0.5671, 0.6319, 0.6370, 0.8007, 0.8468, 0.8788, 0.9345, 0.0000,
         0.0000],
        [0.4382, 0.5116, 0.6025, 0.5019, 0.6252, 0.6439, 0.7271, 0.6897, 0.9241,
         0.0000],
        [0.4788, 0.4429, 0.5388, 0.3902, 0.5788, 0.6098, 0.6060, 0.5703, 0.7619,
         0.9217]])
final average acc: 0.590, std: nan
total average acc: 0.712, std: nan
final forget: 0.376, std: nan
total forget: 0.264, std: nan
