lr = 0.340, alpha = 0.328, batch size = 256
seq len = 10, exp num = 1
tensor([[0.9207, 0.0000, 0.0000, 0.0000, 0.0000, 0.0000, 0.0000, 0.0000, 0.0000,
         0.0000],
        [0.8959, 0.9340, 0.0000, 0.0000, 0.0000, 0.0000, 0.0000, 0.0000, 0.0000,
         0.0000],
        [0.8545, 0.8907, 0.9222, 0.0000, 0.0000, 0.0000, 0.0000, 0.0000, 0.0000,
         0.0000],
        [0.8214, 0.8435, 0.9007, 0.9303, 0.0000, 0.0000, 0.0000, 0.0000, 0.0000,
         0.0000],
        [0.7715, 0.8007, 0.8481, 0.8740, 0.9297, 0.0000, 0.0000, 0.0000, 0.0000,
         0.0000],
        [0.7254, 0.7720, 0.8463, 0.7839, 0.7482, 0.9306, 0.0000, 0.0000, 0.0000,
         0.0000],
        [0.5250, 0.6755, 0.6654, 0.6810, 0.7649, 0.9120, 0.8886, 0.0000, 0.0000,
         0.0000],
        [0.5003, 0.5669, 0.5779, 0.6797, 0.7107, 0.8195, 0.7921, 0.9271, 0.0000,
         0.0000],
        [0.4788, 0.5273, 0.5964, 0.5429, 0.6314, 0.7989, 0.7894, 0.8701, 0.9227,
         0.0000],
        [0.5208, 0.5895, 0.6193, 0.5899, 0.5902, 0.7956, 0.7936, 0.7947, 0.8943,
         0.9351]])
final average acc: 0.712, std: nan
total average acc: 0.762, std: nan
final forget: 0.235, std: nan
total forget: 0.199, std: nan
