lr = 0.340, alpha = 0.140, batch size = 256
seq len = 10, exp num = 1
tensor([[0.9215, 0.0000, 0.0000, 0.0000, 0.0000, 0.0000, 0.0000, 0.0000, 0.0000,
         0.0000],
        [0.8915, 0.9240, 0.0000, 0.0000, 0.0000, 0.0000, 0.0000, 0.0000, 0.0000,
         0.0000],
        [0.8568, 0.9016, 0.9337, 0.0000, 0.0000, 0.0000, 0.0000, 0.0000, 0.0000,
         0.0000],
        [0.7271, 0.8231, 0.8107, 0.9091, 0.0000, 0.0000, 0.0000, 0.0000, 0.0000,
         0.0000],
        [0.6956, 0.7846, 0.7639, 0.8666, 0.9262, 0.0000, 0.0000, 0.0000, 0.0000,
         0.0000],
        [0.5288, 0.7202, 0.7121, 0.6866, 0.6934, 0.9292, 0.0000, 0.0000, 0.0000,
         0.0000],
        [0.4265, 0.7033, 0.6531, 0.6720, 0.6642, 0.8483, 0.9298, 0.0000, 0.0000,
         0.0000],
        [0.4822, 0.5895, 0.6547, 0.5776, 0.6718, 0.7692, 0.9114, 0.9299, 0.0000,
         0.0000],
        [0.3762, 0.4102, 0.4353, 0.5545, 0.5621, 0.5884, 0.8506, 0.8491, 0.9323,
         0.0000],
        [0.2844, 0.3980, 0.4990, 0.5333, 0.4564, 0.6029, 0.7799, 0.7582, 0.8815,
         0.9246]])
final average acc: 0.612, std: nan
total average acc: 0.712, std: nan
final forget: 0.349, std: nan
total forget: 0.260, std: nan
