lr = 0.340, alpha = 0.423, batch size = 256
seq len = 10, exp num = 1
tensor([[0.9167, 0.0000, 0.0000, 0.0000, 0.0000, 0.0000, 0.0000, 0.0000, 0.0000,
         0.0000],
        [0.8901, 0.9284, 0.0000, 0.0000, 0.0000, 0.0000, 0.0000, 0.0000, 0.0000,
         0.0000],
        [0.8517, 0.9103, 0.9290, 0.0000, 0.0000, 0.0000, 0.0000, 0.0000, 0.0000,
         0.0000],
        [0.7375, 0.8657, 0.8908, 0.9321, 0.0000, 0.0000, 0.0000, 0.0000, 0.0000,
         0.0000],
        [0.6968, 0.8126, 0.8179, 0.8211, 0.9262, 0.0000, 0.0000, 0.0000, 0.0000,
         0.0000],
        [0.6152, 0.7400, 0.7471, 0.8079, 0.8824, 0.9102, 0.0000, 0.0000, 0.0000,
         0.0000],
        [0.6241, 0.7319, 0.6416, 0.6750, 0.7698, 0.8828, 0.9376, 0.0000, 0.0000,
         0.0000],
        [0.5301, 0.6669, 0.6493, 0.5776, 0.6323, 0.7277, 0.8508, 0.9277, 0.0000,
         0.0000],
        [0.4900, 0.6732, 0.4640, 0.6312, 0.5545, 0.6268, 0.7742, 0.8237, 0.9306,
         0.0000],
        [0.4513, 0.6745, 0.5242, 0.6299, 0.7169, 0.5532, 0.7952, 0.7597, 0.8855,
         0.9116]])
final average acc: 0.690, std: nan
total average acc: 0.751, std: nan
final forget: 0.261, std: nan
total forget: 0.213, std: nan
