lr = 0.340, alpha = 0.215, batch size = 256
seq len = 10, exp num = 1
tensor([[0.9038, 0.0000, 0.0000, 0.0000, 0.0000, 0.0000, 0.0000, 0.0000, 0.0000,
         0.0000],
        [0.8684, 0.9295, 0.0000, 0.0000, 0.0000, 0.0000, 0.0000, 0.0000, 0.0000,
         0.0000],
        [0.8186, 0.8444, 0.9221, 0.0000, 0.0000, 0.0000, 0.0000, 0.0000, 0.0000,
         0.0000],
        [0.7525, 0.7715, 0.8495, 0.9144, 0.0000, 0.0000, 0.0000, 0.0000, 0.0000,
         0.0000],
        [0.7592, 0.7024, 0.7911, 0.8257, 0.9193, 0.0000, 0.0000, 0.0000, 0.0000,
         0.0000],
        [0.6781, 0.5988, 0.6944, 0.7525, 0.8183, 0.9227, 0.0000, 0.0000, 0.0000,
         0.0000],
        [0.6605, 0.5408, 0.6887, 0.7688, 0.7994, 0.8649, 0.9309, 0.0000, 0.0000,
         0.0000],
        [0.6177, 0.4886, 0.5719, 0.6651, 0.6694, 0.7516, 0.8948, 0.9380, 0.0000,
         0.0000],
        [0.5943, 0.4593, 0.6090, 0.6612, 0.6600, 0.6714, 0.7366, 0.8949, 0.9348,
         0.0000],
        [0.5565, 0.4712, 0.5904, 0.6459, 0.6589, 0.6610, 0.7098, 0.8579, 0.9072,
         0.9256]])
final average acc: 0.698, std: nan
total average acc: 0.747, std: nan
final forget: 0.251, std: nan
total forget: 0.212, std: nan
