lr = 0.340, alpha = 0.460, batch size = 256
seq len = 10, exp num = 1
tensor([[0.9199, 0.0000, 0.0000, 0.0000, 0.0000, 0.0000, 0.0000, 0.0000, 0.0000,
         0.0000],
        [0.8796, 0.9197, 0.0000, 0.0000, 0.0000, 0.0000, 0.0000, 0.0000, 0.0000,
         0.0000],
        [0.8601, 0.9048, 0.9231, 0.0000, 0.0000, 0.0000, 0.0000, 0.0000, 0.0000,
         0.0000],
        [0.8071, 0.8753, 0.8707, 0.9318, 0.0000, 0.0000, 0.0000, 0.0000, 0.0000,
         0.0000],
        [0.7538, 0.8053, 0.8449, 0.8624, 0.9351, 0.0000, 0.0000, 0.0000, 0.0000,
         0.0000],
        [0.7286, 0.7956, 0.7707, 0.8277, 0.9043, 0.9345, 0.0000, 0.0000, 0.0000,
         0.0000],
        [0.6551, 0.6620, 0.6808, 0.6796, 0.8386, 0.8723, 0.9318, 0.0000, 0.0000,
         0.0000],
        [0.6068, 0.7214, 0.6275, 0.7278, 0.8104, 0.8465, 0.8677, 0.9396, 0.0000,
         0.0000],
        [0.6275, 0.6217, 0.5750, 0.4952, 0.7213, 0.7135, 0.7706, 0.7647, 0.9260,
         0.0000],
        [0.6608, 0.5977, 0.5903, 0.5663, 0.6946, 0.7564, 0.7408, 0.7600, 0.8522,
         0.9308]])
final average acc: 0.715, std: nan
total average acc: 0.780, std: nan
final forget: 0.238, std: nan
total forget: 0.180, std: nan
