lr = 0.340, alpha = 0.389, batch size = 256
seq len = 10, exp num = 1
tensor([[0.9130, 0.0000, 0.0000, 0.0000, 0.0000, 0.0000, 0.0000, 0.0000, 0.0000,
         0.0000],
        [0.9062, 0.9250, 0.0000, 0.0000, 0.0000, 0.0000, 0.0000, 0.0000, 0.0000,
         0.0000],
        [0.8466, 0.8838, 0.9355, 0.0000, 0.0000, 0.0000, 0.0000, 0.0000, 0.0000,
         0.0000],
        [0.8216, 0.8322, 0.8932, 0.9235, 0.0000, 0.0000, 0.0000, 0.0000, 0.0000,
         0.0000],
        [0.7013, 0.8545, 0.8665, 0.8947, 0.9337, 0.0000, 0.0000, 0.0000, 0.0000,
         0.0000],
        [0.6992, 0.7600, 0.8231, 0.9019, 0.9174, 0.9361, 0.0000, 0.0000, 0.0000,
         0.0000],
        [0.6349, 0.6485, 0.7656, 0.8723, 0.8545, 0.8797, 0.9291, 0.0000, 0.0000,
         0.0000],
        [0.5976, 0.6240, 0.7372, 0.8351, 0.8269, 0.8943, 0.8804, 0.9406, 0.0000,
         0.0000],
        [0.4997, 0.5240, 0.6002, 0.8169, 0.7818, 0.8339, 0.8108, 0.9147, 0.9186,
         0.0000],
        [0.5426, 0.4490, 0.5354, 0.7753, 0.6672, 0.6015, 0.7998, 0.8685, 0.8586,
         0.9364]])
final average acc: 0.703, std: nan
total average acc: 0.797, std: nan
final forget: 0.251, std: nan
total forget: 0.159, std: nan
