lr = 0.340, alpha = 0.118, batch size = 256
seq len = 10, exp num = 1
tensor([[0.9191, 0.0000, 0.0000, 0.0000, 0.0000, 0.0000, 0.0000, 0.0000, 0.0000,
         0.0000],
        [0.8977, 0.9294, 0.0000, 0.0000, 0.0000, 0.0000, 0.0000, 0.0000, 0.0000,
         0.0000],
        [0.8014, 0.9030, 0.9332, 0.0000, 0.0000, 0.0000, 0.0000, 0.0000, 0.0000,
         0.0000],
        [0.7888, 0.8389, 0.8633, 0.9309, 0.0000, 0.0000, 0.0000, 0.0000, 0.0000,
         0.0000],
        [0.7833, 0.7987, 0.8058, 0.8269, 0.9354, 0.0000, 0.0000, 0.0000, 0.0000,
         0.0000],
        [0.7266, 0.6006, 0.7557, 0.7790, 0.8762, 0.9381, 0.0000, 0.0000, 0.0000,
         0.0000],
        [0.6593, 0.6019, 0.7867, 0.7340, 0.7358, 0.6952, 0.9361, 0.0000, 0.0000,
         0.0000],
        [0.5899, 0.5080, 0.7217, 0.7090, 0.7326, 0.6559, 0.8841, 0.9327, 0.0000,
         0.0000],
        [0.5771, 0.5095, 0.6860, 0.7184, 0.7507, 0.6002, 0.8332, 0.8121, 0.9247,
         0.0000],
        [0.5704, 0.4781, 0.6414, 0.6813, 0.7007, 0.6023, 0.7902, 0.7923, 0.8890,
         0.9322]])
final average acc: 0.708, std: nan
total average acc: 0.764, std: nan
final forget: 0.248, std: nan
total forget: 0.204, std: nan
