lr = 0.340, alpha = 0.181, batch size = 256
seq len = 10, exp num = 1
tensor([[0.9175, 0.0000, 0.0000, 0.0000, 0.0000, 0.0000, 0.0000, 0.0000, 0.0000,
         0.0000],
        [0.8886, 0.9260, 0.0000, 0.0000, 0.0000, 0.0000, 0.0000, 0.0000, 0.0000,
         0.0000],
        [0.8605, 0.8631, 0.9264, 0.0000, 0.0000, 0.0000, 0.0000, 0.0000, 0.0000,
         0.0000],
        [0.8035, 0.8206, 0.8945, 0.9298, 0.0000, 0.0000, 0.0000, 0.0000, 0.0000,
         0.0000],
        [0.7088, 0.7684, 0.8060, 0.8059, 0.9329, 0.0000, 0.0000, 0.0000, 0.0000,
         0.0000],
        [0.5990, 0.7797, 0.8150, 0.7665, 0.9101, 0.9347, 0.0000, 0.0000, 0.0000,
         0.0000],
        [0.6611, 0.7397, 0.6873, 0.7303, 0.8511, 0.8101, 0.9282, 0.0000, 0.0000,
         0.0000],
        [0.5092, 0.6414, 0.6677, 0.6033, 0.6658, 0.8070, 0.7076, 0.8895, 0.0000,
         0.0000],
        [0.5329, 0.6573, 0.6317, 0.6396, 0.7054, 0.6811, 0.6824, 0.8550, 0.9345,
         0.0000],
        [0.5643, 0.6172, 0.6516, 0.5646, 0.6741, 0.6676, 0.7624, 0.8443, 0.8596,
         0.9321]])
final average acc: 0.714, std: nan
total average acc: 0.764, std: nan
final forget: 0.235, std: nan
total forget: 0.197, std: nan
