lr = 0.340, alpha = 0.301, batch size = 256
seq len = 10, exp num = 1
tensor([[0.9196, 0.0000, 0.0000, 0.0000, 0.0000, 0.0000, 0.0000, 0.0000, 0.0000,
         0.0000],
        [0.8887, 0.9340, 0.0000, 0.0000, 0.0000, 0.0000, 0.0000, 0.0000, 0.0000,
         0.0000],
        [0.8274, 0.9086, 0.9338, 0.0000, 0.0000, 0.0000, 0.0000, 0.0000, 0.0000,
         0.0000],
        [0.7350, 0.8073, 0.8457, 0.9341, 0.0000, 0.0000, 0.0000, 0.0000, 0.0000,
         0.0000],
        [0.6308, 0.7211, 0.8050, 0.9029, 0.9373, 0.0000, 0.0000, 0.0000, 0.0000,
         0.0000],
        [0.5296, 0.6164, 0.7958, 0.8249, 0.8504, 0.9403, 0.0000, 0.0000, 0.0000,
         0.0000],
        [0.3155, 0.4866, 0.7164, 0.7610, 0.8124, 0.8555, 0.9353, 0.0000, 0.0000,
         0.0000],
        [0.4802, 0.4761, 0.7052, 0.6872, 0.6737, 0.8312, 0.8870, 0.9378, 0.0000,
         0.0000],
        [0.3787, 0.4306, 0.5960, 0.5819, 0.5782, 0.7828, 0.7461, 0.7783, 0.9395,
         0.0000],
        [0.3135, 0.3622, 0.4053, 0.4962, 0.4831, 0.7753, 0.7621, 0.7674, 0.8859,
         0.9269]])
final average acc: 0.618, std: nan
total average acc: 0.724, std: nan
final forget: 0.351, std: nan
total forget: 0.255, std: nan
