lr = 0.340, alpha = 0.153, batch size = 256
seq len = 10, exp num = 1
tensor([[0.9269, 0.0000, 0.0000, 0.0000, 0.0000, 0.0000, 0.0000, 0.0000, 0.0000,
         0.0000],
        [0.8738, 0.9310, 0.0000, 0.0000, 0.0000, 0.0000, 0.0000, 0.0000, 0.0000,
         0.0000],
        [0.8471, 0.8815, 0.9355, 0.0000, 0.0000, 0.0000, 0.0000, 0.0000, 0.0000,
         0.0000],
        [0.6220, 0.7311, 0.7675, 0.9242, 0.0000, 0.0000, 0.0000, 0.0000, 0.0000,
         0.0000],
        [0.5856, 0.7070, 0.7246, 0.8647, 0.9360, 0.0000, 0.0000, 0.0000, 0.0000,
         0.0000],
        [0.5594, 0.6078, 0.6288, 0.7530, 0.8485, 0.9258, 0.0000, 0.0000, 0.0000,
         0.0000],
        [0.5195, 0.5765, 0.6069, 0.7485, 0.8351, 0.8547, 0.9257, 0.0000, 0.0000,
         0.0000],
        [0.4986, 0.5178, 0.5290, 0.6804, 0.7965, 0.8453, 0.8744, 0.9369, 0.0000,
         0.0000],
        [0.4230, 0.4812, 0.4955, 0.6796, 0.6663, 0.7418, 0.7922, 0.8038, 0.9244,
         0.0000],
        [0.4628, 0.4377, 0.4597, 0.5885, 0.6742, 0.6990, 0.8056, 0.6728, 0.8665,
         0.9352]])
final average acc: 0.660, std: nan
total average acc: 0.726, std: nan
final forget: 0.300, std: nan
total forget: 0.249, std: nan
