lr = 0.340, alpha = 0.109, batch size = 256
seq len = 10, exp num = 1
tensor([[0.9188, 0.0000, 0.0000, 0.0000, 0.0000, 0.0000, 0.0000, 0.0000, 0.0000,
         0.0000],
        [0.8932, 0.9304, 0.0000, 0.0000, 0.0000, 0.0000, 0.0000, 0.0000, 0.0000,
         0.0000],
        [0.8391, 0.8964, 0.9326, 0.0000, 0.0000, 0.0000, 0.0000, 0.0000, 0.0000,
         0.0000],
        [0.6955, 0.7690, 0.8656, 0.9182, 0.0000, 0.0000, 0.0000, 0.0000, 0.0000,
         0.0000],
        [0.6712, 0.7589, 0.8027, 0.8351, 0.9288, 0.0000, 0.0000, 0.0000, 0.0000,
         0.0000],
        [0.6908, 0.6771, 0.6650, 0.7274, 0.8092, 0.9396, 0.0000, 0.0000, 0.0000,
         0.0000],
        [0.5960, 0.6267, 0.6129, 0.6745, 0.7062, 0.8680, 0.9296, 0.0000, 0.0000,
         0.0000],
        [0.5464, 0.6776, 0.5422, 0.6260, 0.6397, 0.8538, 0.8878, 0.9346, 0.0000,
         0.0000],
        [0.5746, 0.6355, 0.5418, 0.5846, 0.6022, 0.7964, 0.8232, 0.8913, 0.9312,
         0.0000],
        [0.4085, 0.5893, 0.4607, 0.5100, 0.5333, 0.5786, 0.7199, 0.7931, 0.7936,
         0.9371]])
final average acc: 0.632, std: nan
total average acc: 0.738, std: nan
final forget: 0.331, std: nan
total forget: 0.232, std: nan
