lr = 0.340, alpha = 0.254, batch size = 256
seq len = 10, exp num = 1
tensor([[0.9248, 0.0000, 0.0000, 0.0000, 0.0000, 0.0000, 0.0000, 0.0000, 0.0000,
         0.0000],
        [0.8967, 0.9251, 0.0000, 0.0000, 0.0000, 0.0000, 0.0000, 0.0000, 0.0000,
         0.0000],
        [0.8626, 0.8025, 0.9322, 0.0000, 0.0000, 0.0000, 0.0000, 0.0000, 0.0000,
         0.0000],
        [0.8571, 0.7387, 0.9136, 0.9397, 0.0000, 0.0000, 0.0000, 0.0000, 0.0000,
         0.0000],
        [0.7726, 0.7449, 0.8466, 0.8715, 0.9341, 0.0000, 0.0000, 0.0000, 0.0000,
         0.0000],
        [0.6981, 0.6216, 0.8375, 0.8520, 0.8322, 0.9136, 0.0000, 0.0000, 0.0000,
         0.0000],
        [0.4991, 0.4843, 0.7282, 0.6547, 0.7781, 0.8424, 0.9323, 0.0000, 0.0000,
         0.0000],
        [0.4261, 0.4730, 0.6525, 0.6014, 0.7407, 0.8123, 0.8980, 0.9303, 0.0000,
         0.0000],
        [0.5074, 0.3892, 0.5676, 0.5877, 0.5850, 0.4200, 0.7214, 0.7699, 0.9305,
         0.0000],
        [0.6261, 0.5142, 0.6063, 0.6170, 0.6281, 0.6218, 0.6472, 0.7129, 0.7787,
         0.9297]])
final average acc: 0.668, std: nan
total average acc: 0.733, std: nan
final forget: 0.290, std: nan
total forget: 0.239, std: nan
