lr = 0.340, alpha = 0.357, batch size = 256
seq len = 10, exp num = 1
tensor([[0.9205, 0.0000, 0.0000, 0.0000, 0.0000, 0.0000, 0.0000, 0.0000, 0.0000,
         0.0000],
        [0.8864, 0.9171, 0.0000, 0.0000, 0.0000, 0.0000, 0.0000, 0.0000, 0.0000,
         0.0000],
        [0.8392, 0.9120, 0.9369, 0.0000, 0.0000, 0.0000, 0.0000, 0.0000, 0.0000,
         0.0000],
        [0.7431, 0.8331, 0.8315, 0.9285, 0.0000, 0.0000, 0.0000, 0.0000, 0.0000,
         0.0000],
        [0.6375, 0.7728, 0.7482, 0.8877, 0.9396, 0.0000, 0.0000, 0.0000, 0.0000,
         0.0000],
        [0.5626, 0.6668, 0.6236, 0.7940, 0.8493, 0.9282, 0.0000, 0.0000, 0.0000,
         0.0000],
        [0.4815, 0.6457, 0.7137, 0.7903, 0.7874, 0.8109, 0.9290, 0.0000, 0.0000,
         0.0000],
        [0.4538, 0.5519, 0.6461, 0.7764, 0.7792, 0.7762, 0.8144, 0.9243, 0.0000,
         0.0000],
        [0.4933, 0.5687, 0.6395, 0.7349, 0.7124, 0.8056, 0.8568, 0.8650, 0.9112,
         0.0000],
        [0.4858, 0.5724, 0.5334, 0.7095, 0.6564, 0.8097, 0.8255, 0.7954, 0.8810,
         0.9269]])
final average acc: 0.720, std: nan
total average acc: 0.760, std: nan
final forget: 0.230, std: nan
total forget: 0.203, std: nan
