lr = 0.340, alpha = 0.234, batch size = 256
seq len = 10, exp num = 1
tensor([[0.9145, 0.0000, 0.0000, 0.0000, 0.0000, 0.0000, 0.0000, 0.0000, 0.0000,
         0.0000],
        [0.8894, 0.9311, 0.0000, 0.0000, 0.0000, 0.0000, 0.0000, 0.0000, 0.0000,
         0.0000],
        [0.8086, 0.9019, 0.9199, 0.0000, 0.0000, 0.0000, 0.0000, 0.0000, 0.0000,
         0.0000],
        [0.7675, 0.7960, 0.8804, 0.9330, 0.0000, 0.0000, 0.0000, 0.0000, 0.0000,
         0.0000],
        [0.7626, 0.7789, 0.8403, 0.8887, 0.9370, 0.0000, 0.0000, 0.0000, 0.0000,
         0.0000],
        [0.6643, 0.7458, 0.7705, 0.7696, 0.8508, 0.9186, 0.0000, 0.0000, 0.0000,
         0.0000],
        [0.6275, 0.7100, 0.7410, 0.6336, 0.7990, 0.7609, 0.9324, 0.0000, 0.0000,
         0.0000],
        [0.6182, 0.6841, 0.7319, 0.5906, 0.7287, 0.7084, 0.8174, 0.9391, 0.0000,
         0.0000],
        [0.5200, 0.7133, 0.7127, 0.5553, 0.6470, 0.7124, 0.8052, 0.8909, 0.9402,
         0.0000],
        [0.4850, 0.5675, 0.7012, 0.6532, 0.7353, 0.7431, 0.7567, 0.8081, 0.8752,
         0.9322]])
final average acc: 0.726, std: nan
total average acc: 0.772, std: nan
final forget: 0.227, std: nan
total forget: 0.190, std: nan
