lr = 0.340, alpha = 0.501, batch size = 256
seq len = 10, exp num = 1
tensor([[0.9163, 0.0000, 0.0000, 0.0000, 0.0000, 0.0000, 0.0000, 0.0000, 0.0000,
         0.0000],
        [0.8693, 0.9368, 0.0000, 0.0000, 0.0000, 0.0000, 0.0000, 0.0000, 0.0000,
         0.0000],
        [0.6914, 0.8731, 0.9301, 0.0000, 0.0000, 0.0000, 0.0000, 0.0000, 0.0000,
         0.0000],
        [0.6759, 0.7359, 0.7744, 0.9176, 0.0000, 0.0000, 0.0000, 0.0000, 0.0000,
         0.0000],
        [0.6815, 0.7134, 0.7589, 0.8767, 0.9279, 0.0000, 0.0000, 0.0000, 0.0000,
         0.0000],
        [0.6308, 0.7188, 0.7626, 0.7909, 0.8846, 0.9330, 0.0000, 0.0000, 0.0000,
         0.0000],
        [0.6486, 0.6115, 0.7278, 0.7668, 0.7483, 0.8228, 0.9269, 0.0000, 0.0000,
         0.0000],
        [0.6084, 0.5779, 0.6011, 0.6815, 0.6424, 0.7809, 0.8974, 0.9323, 0.0000,
         0.0000],
        [0.5896, 0.5504, 0.5207, 0.6263, 0.5753, 0.8193, 0.6768, 0.8070, 0.9318,
         0.0000],
        [0.5913, 0.4910, 0.6965, 0.7077, 0.5270, 0.7797, 0.7077, 0.7259, 0.7964,
         0.9292]])
final average acc: 0.695, std: nan
total average acc: 0.746, std: nan
final forget: 0.259, std: nan
total forget: 0.221, std: nan
