lr = 0.340, alpha = 0.100, batch size = 256
seq len = 10, exp num = 1
tensor([[0.8783, 0.0000, 0.0000, 0.0000, 0.0000, 0.0000, 0.0000, 0.0000, 0.0000,
         0.0000],
        [0.8245, 0.9222, 0.0000, 0.0000, 0.0000, 0.0000, 0.0000, 0.0000, 0.0000,
         0.0000],
        [0.8420, 0.8956, 0.9329, 0.0000, 0.0000, 0.0000, 0.0000, 0.0000, 0.0000,
         0.0000],
        [0.7762, 0.8129, 0.8419, 0.9287, 0.0000, 0.0000, 0.0000, 0.0000, 0.0000,
         0.0000],
        [0.8044, 0.7587, 0.7761, 0.8812, 0.9280, 0.0000, 0.0000, 0.0000, 0.0000,
         0.0000],
        [0.7414, 0.6431, 0.7304, 0.6447, 0.7805, 0.9156, 0.0000, 0.0000, 0.0000,
         0.0000],
        [0.6860, 0.6583, 0.7315, 0.7242, 0.6826, 0.9055, 0.9336, 0.0000, 0.0000,
         0.0000],
        [0.5310, 0.5932, 0.6856, 0.7411, 0.6868, 0.7823, 0.8567, 0.9157, 0.0000,
         0.0000],
        [0.5295, 0.5519, 0.5967, 0.6644, 0.5576, 0.8220, 0.7578, 0.8572, 0.9226,
         0.0000],
        [0.5348, 0.5326, 0.6059, 0.5561, 0.5934, 0.7893, 0.6804, 0.8029, 0.8920,
         0.9028]])
final average acc: 0.689, std: nan
total average acc: 0.755, std: nan
final forget: 0.254, std: nan
total forget: 0.198, std: nan
