lr = 0.340, alpha = 0.166, batch size = 256
seq len = 10, exp num = 1
tensor([[0.9153, 0.0000, 0.0000, 0.0000, 0.0000, 0.0000, 0.0000, 0.0000, 0.0000,
         0.0000],
        [0.9000, 0.9311, 0.0000, 0.0000, 0.0000, 0.0000, 0.0000, 0.0000, 0.0000,
         0.0000],
        [0.8302, 0.8911, 0.9297, 0.0000, 0.0000, 0.0000, 0.0000, 0.0000, 0.0000,
         0.0000],
        [0.6759, 0.7796, 0.8601, 0.9220, 0.0000, 0.0000, 0.0000, 0.0000, 0.0000,
         0.0000],
        [0.6041, 0.6481, 0.8529, 0.8872, 0.9348, 0.0000, 0.0000, 0.0000, 0.0000,
         0.0000],
        [0.5626, 0.5536, 0.8113, 0.8502, 0.8772, 0.9181, 0.0000, 0.0000, 0.0000,
         0.0000],
        [0.6096, 0.6326, 0.7866, 0.8196, 0.7712, 0.8425, 0.9336, 0.0000, 0.0000,
         0.0000],
        [0.5092, 0.5810, 0.7499, 0.7559, 0.6700, 0.7491, 0.8857, 0.9195, 0.0000,
         0.0000],
        [0.5111, 0.4858, 0.6500, 0.7243, 0.6581, 0.6664, 0.8420, 0.8801, 0.9358,
         0.0000],
        [0.4334, 0.4202, 0.6544, 0.6801, 0.6147, 0.6672, 0.8545, 0.8345, 0.9101,
         0.9349]])
final average acc: 0.700, std: nan
total average acc: 0.758, std: nan
final forget: 0.252, std: nan
total forget: 0.205, std: nan
