lr = 0.340, alpha = 0.129, batch size = 256
seq len = 10, exp num = 1
tensor([[0.9207, 0.0000, 0.0000, 0.0000, 0.0000, 0.0000, 0.0000, 0.0000, 0.0000,
         0.0000],
        [0.8950, 0.9254, 0.0000, 0.0000, 0.0000, 0.0000, 0.0000, 0.0000, 0.0000,
         0.0000],
        [0.8124, 0.8719, 0.9280, 0.0000, 0.0000, 0.0000, 0.0000, 0.0000, 0.0000,
         0.0000],
        [0.8614, 0.8522, 0.9063, 0.9301, 0.0000, 0.0000, 0.0000, 0.0000, 0.0000,
         0.0000],
        [0.7773, 0.8466, 0.8487, 0.8919, 0.9285, 0.0000, 0.0000, 0.0000, 0.0000,
         0.0000],
        [0.7200, 0.7266, 0.8390, 0.8345, 0.9086, 0.9369, 0.0000, 0.0000, 0.0000,
         0.0000],
        [0.6863, 0.7611, 0.7645, 0.7175, 0.8532, 0.8907, 0.9369, 0.0000, 0.0000,
         0.0000],
        [0.5223, 0.6479, 0.6151, 0.5923, 0.6502, 0.8151, 0.9153, 0.9375, 0.0000,
         0.0000],
        [0.4949, 0.6677, 0.6447, 0.6510, 0.6959, 0.6668, 0.8537, 0.8840, 0.9392,
         0.0000],
        [0.5264, 0.5734, 0.5850, 0.6749, 0.6269, 0.6009, 0.7749, 0.8181, 0.9043,
         0.9336]])
final average acc: 0.702, std: nan
total average acc: 0.782, std: nan
final forget: 0.255, std: nan
total forget: 0.180, std: nan
