lr = 0.340, alpha = 0.277, batch size = 256
seq len = 10, exp num = 1
tensor([[0.9168, 0.0000, 0.0000, 0.0000, 0.0000, 0.0000, 0.0000, 0.0000, 0.0000,
         0.0000],
        [0.8983, 0.9298, 0.0000, 0.0000, 0.0000, 0.0000, 0.0000, 0.0000, 0.0000,
         0.0000],
        [0.8503, 0.8627, 0.9254, 0.0000, 0.0000, 0.0000, 0.0000, 0.0000, 0.0000,
         0.0000],
        [0.7418, 0.7585, 0.8986, 0.9326, 0.0000, 0.0000, 0.0000, 0.0000, 0.0000,
         0.0000],
        [0.6663, 0.7410, 0.8232, 0.7500, 0.9279, 0.0000, 0.0000, 0.0000, 0.0000,
         0.0000],
        [0.7017, 0.7299, 0.8293, 0.6780, 0.8046, 0.9272, 0.0000, 0.0000, 0.0000,
         0.0000],
        [0.5452, 0.6818, 0.7510, 0.7064, 0.8149, 0.8578, 0.9348, 0.0000, 0.0000,
         0.0000],
        [0.5789, 0.6130, 0.6111, 0.5747, 0.6635, 0.7315, 0.8602, 0.9056, 0.0000,
         0.0000],
        [0.5724, 0.6846, 0.6268, 0.5206, 0.6562, 0.7326, 0.7677, 0.8931, 0.9328,
         0.0000],
        [0.5652, 0.5686, 0.5896, 0.6430, 0.6409, 0.7562, 0.7742, 0.8364, 0.8767,
         0.9270]])
final average acc: 0.718, std: nan
total average acc: 0.758, std: nan
final forget: 0.231, std: nan
total forget: 0.205, std: nan
