lr = 0.340, alpha = 40.842, batch size = 256
seq len = 10, exp num = 4
tensor([[0.9215, 0.0000, 0.0000, 0.0000, 0.0000, 0.0000, 0.0000, 0.0000, 0.0000,
         0.0000],
        [0.8824, 0.9268, 0.0000, 0.0000, 0.0000, 0.0000, 0.0000, 0.0000, 0.0000,
         0.0000],
        [0.8759, 0.8883, 0.9119, 0.0000, 0.0000, 0.0000, 0.0000, 0.0000, 0.0000,
         0.0000],
        [0.8081, 0.8540, 0.8846, 0.9335, 0.0000, 0.0000, 0.0000, 0.0000, 0.0000,
         0.0000],
        [0.7181, 0.7929, 0.8133, 0.8662, 0.9217, 0.0000, 0.0000, 0.0000, 0.0000,
         0.0000],
        [0.6851, 0.7623, 0.7762, 0.8358, 0.8880, 0.9319, 0.0000, 0.0000, 0.0000,
         0.0000],
        [0.6075, 0.7239, 0.7101, 0.7628, 0.8418, 0.8816, 0.9307, 0.0000, 0.0000,
         0.0000],
        [0.5696, 0.6779, 0.6962, 0.7147, 0.8101, 0.8396, 0.8866, 0.9305, 0.0000,
         0.0000],
        [0.5261, 0.6157, 0.6499, 0.6642, 0.7517, 0.8007, 0.8146, 0.8938, 0.9300,
         0.0000],
        [0.4806, 0.6057, 0.6288, 0.5953, 0.6819, 0.7236, 0.7929, 0.8429, 0.8896,
         0.9361]])
final average acc: 0.718, std: 0.035
total average acc: 0.787, std: 0.016
final forget: 0.233, std: 0.038
total forget: 0.169, std: 0.018
