lr = 0.340, alpha = 316.228, batch size = 256
seq len = 10, exp num = 4
tensor([[0.9036, 0.0000, 0.0000, 0.0000, 0.0000, 0.0000, 0.0000, 0.0000, 0.0000,
         0.0000],
        [0.8884, 0.9271, 0.0000, 0.0000, 0.0000, 0.0000, 0.0000, 0.0000, 0.0000,
         0.0000],
        [0.8409, 0.8827, 0.9270, 0.0000, 0.0000, 0.0000, 0.0000, 0.0000, 0.0000,
         0.0000],
        [0.7717, 0.8360, 0.8973, 0.9232, 0.0000, 0.0000, 0.0000, 0.0000, 0.0000,
         0.0000],
        [0.7535, 0.8072, 0.8698, 0.8985, 0.9229, 0.0000, 0.0000, 0.0000, 0.0000,
         0.0000],
        [0.7031, 0.7336, 0.8176, 0.8520, 0.8918, 0.9313, 0.0000, 0.0000, 0.0000,
         0.0000],
        [0.6367, 0.6982, 0.7229, 0.7677, 0.8226, 0.8973, 0.9316, 0.0000, 0.0000,
         0.0000],
        [0.5601, 0.6614, 0.6298, 0.6934, 0.8054, 0.8620, 0.8916, 0.9347, 0.0000,
         0.0000],
        [0.5320, 0.5913, 0.5523, 0.6203, 0.7340, 0.7824, 0.8641, 0.9093, 0.9274,
         0.0000],
        [0.5220, 0.5924, 0.5411, 0.6165, 0.7009, 0.7719, 0.8113, 0.8882, 0.8893,
         0.9293]])
final average acc: 0.726, std: 0.016
total average acc: 0.787, std: 0.015
final forget: 0.222, std: 0.020
total forget: 0.167, std: 0.019
