lr = 0.340, alpha = 87.992, batch size = 256
seq len = 10, exp num = 4
tensor([[0.9202, 0.0000, 0.0000, 0.0000, 0.0000, 0.0000, 0.0000, 0.0000, 0.0000,
         0.0000],
        [0.8904, 0.9268, 0.0000, 0.0000, 0.0000, 0.0000, 0.0000, 0.0000, 0.0000,
         0.0000],
        [0.8521, 0.8930, 0.9283, 0.0000, 0.0000, 0.0000, 0.0000, 0.0000, 0.0000,
         0.0000],
        [0.7855, 0.8381, 0.8887, 0.9299, 0.0000, 0.0000, 0.0000, 0.0000, 0.0000,
         0.0000],
        [0.6514, 0.7856, 0.8134, 0.9021, 0.9347, 0.0000, 0.0000, 0.0000, 0.0000,
         0.0000],
        [0.6860, 0.7786, 0.8011, 0.8247, 0.8760, 0.9294, 0.0000, 0.0000, 0.0000,
         0.0000],
        [0.6641, 0.6893, 0.7629, 0.7833, 0.8280, 0.8602, 0.9257, 0.0000, 0.0000,
         0.0000],
        [0.6168, 0.6923, 0.7231, 0.7117, 0.7783, 0.8284, 0.9013, 0.9277, 0.0000,
         0.0000],
        [0.5193, 0.6291, 0.6572, 0.6767, 0.7341, 0.7946, 0.8566, 0.8783, 0.9279,
         0.0000],
        [0.5105, 0.5661, 0.6083, 0.6605, 0.7051, 0.7356, 0.8049, 0.8554, 0.9041,
         0.9289]])
final average acc: 0.728, std: 0.031
total average acc: 0.791, std: 0.029
final forget: 0.222, std: 0.034
total forget: 0.167, std: 0.035
