lr = 0.340, alpha = 189.574, batch size = 256
seq len = 10, exp num = 4
tensor([[0.9149, 0.0000, 0.0000, 0.0000, 0.0000, 0.0000, 0.0000, 0.0000, 0.0000,
         0.0000],
        [0.8863, 0.9283, 0.0000, 0.0000, 0.0000, 0.0000, 0.0000, 0.0000, 0.0000,
         0.0000],
        [0.8407, 0.9036, 0.9294, 0.0000, 0.0000, 0.0000, 0.0000, 0.0000, 0.0000,
         0.0000],
        [0.8139, 0.8592, 0.8985, 0.9344, 0.0000, 0.0000, 0.0000, 0.0000, 0.0000,
         0.0000],
        [0.7427, 0.8362, 0.8550, 0.9044, 0.9278, 0.0000, 0.0000, 0.0000, 0.0000,
         0.0000],
        [0.6341, 0.7996, 0.7710, 0.8382, 0.8924, 0.9335, 0.0000, 0.0000, 0.0000,
         0.0000],
        [0.5769, 0.7539, 0.6934, 0.8072, 0.8553, 0.8719, 0.9180, 0.0000, 0.0000,
         0.0000],
        [0.4081, 0.5406, 0.5319, 0.5982, 0.6174, 0.6303, 0.6881, 0.7236, 0.0000,
         0.0000],
        [0.4084, 0.4734, 0.4560, 0.5224, 0.5767, 0.5961, 0.6302, 0.6934, 0.7239,
         0.0000],
        [0.3681, 0.4619, 0.4634, 0.5106, 0.5463, 0.5925, 0.6338, 0.6609, 0.7082,
         0.7256]])
final average acc: 0.567, std: 0.314
total average acc: 0.709, std: 0.157
final forget: 0.332, std: 0.211
total forget: 0.238, std: 0.139
