lr = 0.340, alpha = 113.646, batch size = 256
seq len = 10, exp num = 4
tensor([[0.9130, 0.0000, 0.0000, 0.0000, 0.0000, 0.0000, 0.0000, 0.0000, 0.0000,
         0.0000],
        [0.8783, 0.9315, 0.0000, 0.0000, 0.0000, 0.0000, 0.0000, 0.0000, 0.0000,
         0.0000],
        [0.8435, 0.8902, 0.9305, 0.0000, 0.0000, 0.0000, 0.0000, 0.0000, 0.0000,
         0.0000],
        [0.7728, 0.8546, 0.8942, 0.9224, 0.0000, 0.0000, 0.0000, 0.0000, 0.0000,
         0.0000],
        [0.6843, 0.7469, 0.8523, 0.9030, 0.9248, 0.0000, 0.0000, 0.0000, 0.0000,
         0.0000],
        [0.6821, 0.7426, 0.8134, 0.8543, 0.8833, 0.9317, 0.0000, 0.0000, 0.0000,
         0.0000],
        [0.5969, 0.6732, 0.7412, 0.7908, 0.8343, 0.8937, 0.9287, 0.0000, 0.0000,
         0.0000],
        [0.5569, 0.6386, 0.7124, 0.7545, 0.7380, 0.8270, 0.8883, 0.9317, 0.0000,
         0.0000],
        [0.5669, 0.5819, 0.6375, 0.6948, 0.6767, 0.7452, 0.8273, 0.8716, 0.9311,
         0.0000],
        [0.4839, 0.5579, 0.5966, 0.5994, 0.5656, 0.6989, 0.7878, 0.8122, 0.8966,
         0.9281]])
final average acc: 0.693, std: 0.029
total average acc: 0.778, std: 0.014
final forget: 0.261, std: 0.035
total forget: 0.180, std: 0.021
