lr = 0.340, alpha = 31.623, batch size = 256
seq len = 10, exp num = 4
tensor([[0.9105, 0.0000, 0.0000, 0.0000, 0.0000, 0.0000, 0.0000, 0.0000, 0.0000,
         0.0000],
        [0.8912, 0.9204, 0.0000, 0.0000, 0.0000, 0.0000, 0.0000, 0.0000, 0.0000,
         0.0000],
        [0.8079, 0.8695, 0.9223, 0.0000, 0.0000, 0.0000, 0.0000, 0.0000, 0.0000,
         0.0000],
        [0.7543, 0.8192, 0.8819, 0.9204, 0.0000, 0.0000, 0.0000, 0.0000, 0.0000,
         0.0000],
        [0.7047, 0.7519, 0.8087, 0.8518, 0.9286, 0.0000, 0.0000, 0.0000, 0.0000,
         0.0000],
        [0.6402, 0.7019, 0.7560, 0.8400, 0.8855, 0.9291, 0.0000, 0.0000, 0.0000,
         0.0000],
        [0.6375, 0.6350, 0.7244, 0.7759, 0.8047, 0.8771, 0.9341, 0.0000, 0.0000,
         0.0000],
        [0.5776, 0.6143, 0.6706, 0.7181, 0.7573, 0.8381, 0.8801, 0.9267, 0.0000,
         0.0000],
        [0.5325, 0.5359, 0.6417, 0.6631, 0.7109, 0.7588, 0.7976, 0.8892, 0.9325,
         0.0000],
        [0.5104, 0.4800, 0.5792, 0.6452, 0.6295, 0.6927, 0.7135, 0.8166, 0.8767,
         0.9289]])
final average acc: 0.687, std: 0.038
total average acc: 0.767, std: 0.039
final forget: 0.265, std: 0.039
total forget: 0.190, std: 0.046
