lr = 0.340, alpha = 146.780, batch size = 256
seq len = 10, exp num = 4
tensor([[0.9144, 0.0000, 0.0000, 0.0000, 0.0000, 0.0000, 0.0000, 0.0000, 0.0000,
         0.0000],
        [0.8951, 0.9234, 0.0000, 0.0000, 0.0000, 0.0000, 0.0000, 0.0000, 0.0000,
         0.0000],
        [0.8463, 0.8835, 0.9237, 0.0000, 0.0000, 0.0000, 0.0000, 0.0000, 0.0000,
         0.0000],
        [0.8116, 0.8536, 0.8999, 0.9291, 0.0000, 0.0000, 0.0000, 0.0000, 0.0000,
         0.0000],
        [0.7698, 0.7780, 0.8580, 0.9015, 0.9342, 0.0000, 0.0000, 0.0000, 0.0000,
         0.0000],
        [0.7349, 0.7142, 0.8134, 0.8624, 0.8976, 0.9311, 0.0000, 0.0000, 0.0000,
         0.0000],
        [0.6309, 0.6816, 0.7596, 0.8185, 0.8482, 0.8938, 0.9325, 0.0000, 0.0000,
         0.0000],
        [0.6024, 0.6605, 0.7253, 0.7260, 0.7892, 0.8075, 0.8845, 0.9244, 0.0000,
         0.0000],
        [0.5468, 0.5975, 0.6606, 0.7099, 0.7183, 0.7590, 0.8057, 0.8900, 0.9341,
         0.0000],
        [0.5373, 0.5780, 0.5949, 0.6996, 0.6720, 0.6924, 0.8009, 0.8282, 0.8663,
         0.9298]])
final average acc: 0.720, std: 0.016
total average acc: 0.792, std: 0.016
final forget: 0.231, std: 0.021
total forget: 0.163, std: 0.019
