lr = 0.340, alpha = 68.129, batch size = 256
seq len = 10, exp num = 4
tensor([[0.9152, 0.0000, 0.0000, 0.0000, 0.0000, 0.0000, 0.0000, 0.0000, 0.0000,
         0.0000],
        [0.8835, 0.9192, 0.0000, 0.0000, 0.0000, 0.0000, 0.0000, 0.0000, 0.0000,
         0.0000],
        [0.8473, 0.9035, 0.9197, 0.0000, 0.0000, 0.0000, 0.0000, 0.0000, 0.0000,
         0.0000],
        [0.7720, 0.8576, 0.8884, 0.9311, 0.0000, 0.0000, 0.0000, 0.0000, 0.0000,
         0.0000],
        [0.7395, 0.8109, 0.8275, 0.9042, 0.9289, 0.0000, 0.0000, 0.0000, 0.0000,
         0.0000],
        [0.6989, 0.7301, 0.7843, 0.8433, 0.9051, 0.9355, 0.0000, 0.0000, 0.0000,
         0.0000],
        [0.6167, 0.6944, 0.6824, 0.7819, 0.8280, 0.8865, 0.9276, 0.0000, 0.0000,
         0.0000],
        [0.6036, 0.6691, 0.6533, 0.7266, 0.7733, 0.8235, 0.8888, 0.9304, 0.0000,
         0.0000],
        [0.5421, 0.5520, 0.5605, 0.6826, 0.7378, 0.7743, 0.8609, 0.8894, 0.9327,
         0.0000],
        [0.4682, 0.5270, 0.5067, 0.6001, 0.6776, 0.7041, 0.7955, 0.7997, 0.8885,
         0.9281]])
final average acc: 0.690, std: 0.014
total average acc: 0.779, std: 0.002
final forget: 0.264, std: 0.015
total forget: 0.178, std: 0.003
