lr = 0.340, alpha = 52.750, batch size = 256
seq len = 10, exp num = 4
tensor([[0.9116, 0.0000, 0.0000, 0.0000, 0.0000, 0.0000, 0.0000, 0.0000, 0.0000,
         0.0000],
        [0.8868, 0.9271, 0.0000, 0.0000, 0.0000, 0.0000, 0.0000, 0.0000, 0.0000,
         0.0000],
        [0.8467, 0.8925, 0.9278, 0.0000, 0.0000, 0.0000, 0.0000, 0.0000, 0.0000,
         0.0000],
        [0.8015, 0.8241, 0.8833, 0.9262, 0.0000, 0.0000, 0.0000, 0.0000, 0.0000,
         0.0000],
        [0.7143, 0.8104, 0.8469, 0.8628, 0.9270, 0.0000, 0.0000, 0.0000, 0.0000,
         0.0000],
        [0.6941, 0.7367, 0.8232, 0.8086, 0.8805, 0.9287, 0.0000, 0.0000, 0.0000,
         0.0000],
        [0.6742, 0.5835, 0.7246, 0.7372, 0.8351, 0.8813, 0.9282, 0.0000, 0.0000,
         0.0000],
        [0.5752, 0.5554, 0.6820, 0.6581, 0.7531, 0.7882, 0.8796, 0.9326, 0.0000,
         0.0000],
        [0.5117, 0.5359, 0.5810, 0.5943, 0.6564, 0.7033, 0.7293, 0.8122, 0.9216,
         0.0000],
        [0.5638, 0.5428, 0.5571, 0.6022, 0.6356, 0.6304, 0.7391, 0.7529, 0.8547,
         0.9287]])
final average acc: 0.681, std: 0.010
total average acc: 0.762, std: 0.023
final forget: 0.272, std: 0.011
total forget: 0.199, std: 0.027
