lr = 0.340, alpha = 244.844, batch size = 256
seq len = 10, exp num = 4
tensor([[0.9203, 0.0000, 0.0000, 0.0000, 0.0000, 0.0000, 0.0000, 0.0000, 0.0000,
         0.0000],
        [0.8818, 0.9216, 0.0000, 0.0000, 0.0000, 0.0000, 0.0000, 0.0000, 0.0000,
         0.0000],
        [0.8371, 0.8960, 0.9262, 0.0000, 0.0000, 0.0000, 0.0000, 0.0000, 0.0000,
         0.0000],
        [0.7497, 0.8671, 0.8907, 0.9267, 0.0000, 0.0000, 0.0000, 0.0000, 0.0000,
         0.0000],
        [0.7135, 0.8029, 0.8572, 0.8969, 0.9339, 0.0000, 0.0000, 0.0000, 0.0000,
         0.0000],
        [0.6491, 0.7372, 0.7847, 0.8354, 0.8938, 0.9197, 0.0000, 0.0000, 0.0000,
         0.0000],
        [0.4511, 0.5548, 0.5931, 0.6351, 0.6791, 0.6863, 0.7191, 0.0000, 0.0000,
         0.0000],
        [0.4288, 0.5331, 0.5680, 0.6133, 0.6690, 0.6560, 0.7082, 0.7199, 0.0000,
         0.0000],
        [0.3553, 0.4607, 0.5008, 0.5552, 0.6203, 0.6373, 0.6704, 0.6921, 0.7234,
         0.0000],
        [0.4001, 0.4542, 0.4801, 0.4882, 0.5693, 0.6083, 0.6190, 0.6739, 0.6926,
         0.7143]])
final average acc: 0.570, std: 0.315
total average acc: 0.690, std: 0.205
final forget: 0.303, std: 0.163
total forget: 0.240, std: 0.156
