lr = 0.340, alpha = 0.038, batch size = 256
seq len = 10, exp num = 20
tensor([[0.9119, 0.0000, 0.0000, 0.0000, 0.0000, 0.0000, 0.0000, 0.0000, 0.0000,
         0.0000],
        [0.8781, 0.9216, 0.0000, 0.0000, 0.0000, 0.0000, 0.0000, 0.0000, 0.0000,
         0.0000],
        [0.8184, 0.8724, 0.9282, 0.0000, 0.0000, 0.0000, 0.0000, 0.0000, 0.0000,
         0.0000],
        [0.7557, 0.8272, 0.8719, 0.9288, 0.0000, 0.0000, 0.0000, 0.0000, 0.0000,
         0.0000],
        [0.6806, 0.7493, 0.8050, 0.8485, 0.9279, 0.0000, 0.0000, 0.0000, 0.0000,
         0.0000],
        [0.6243, 0.7263, 0.7336, 0.7700, 0.8512, 0.9236, 0.0000, 0.0000, 0.0000,
         0.0000],
        [0.5803, 0.6391, 0.6740, 0.7281, 0.7729, 0.8343, 0.9304, 0.0000, 0.0000,
         0.0000],
        [0.5667, 0.6149, 0.6312, 0.6707, 0.7291, 0.7869, 0.8671, 0.9300, 0.0000,
         0.0000],
        [0.5465, 0.5630, 0.6101, 0.6240, 0.6671, 0.7030, 0.8171, 0.8722, 0.9274,
         0.0000],
        [0.5053, 0.5052, 0.5815, 0.5937, 0.6204, 0.6536, 0.7249, 0.7907, 0.8556,
         0.9306]])
final average acc: 0.676, std: 0.033
total average acc: 0.753, std: 0.024
final forget: 0.278, std: 0.036
total forget: 0.209, std: 0.030
