lr = 0.340, alpha = 0.336, batch size = 256
seq len = 10, exp num = 20
tensor([[0.9156, 0.0000, 0.0000, 0.0000, 0.0000, 0.0000, 0.0000, 0.0000, 0.0000,
         0.0000],
        [0.8801, 0.9274, 0.0000, 0.0000, 0.0000, 0.0000, 0.0000, 0.0000, 0.0000,
         0.0000],
        [0.8176, 0.8660, 0.9289, 0.0000, 0.0000, 0.0000, 0.0000, 0.0000, 0.0000,
         0.0000],
        [0.7667, 0.8217, 0.8681, 0.9288, 0.0000, 0.0000, 0.0000, 0.0000, 0.0000,
         0.0000],
        [0.7135, 0.7719, 0.8229, 0.8717, 0.9291, 0.0000, 0.0000, 0.0000, 0.0000,
         0.0000],
        [0.6237, 0.6968, 0.7300, 0.7816, 0.8424, 0.9295, 0.0000, 0.0000, 0.0000,
         0.0000],
        [0.5891, 0.6603, 0.6928, 0.7435, 0.7896, 0.8586, 0.9278, 0.0000, 0.0000,
         0.0000],
        [0.5616, 0.6289, 0.6551, 0.6843, 0.7148, 0.7800, 0.8270, 0.9292, 0.0000,
         0.0000],
        [0.5320, 0.5539, 0.5963, 0.6331, 0.6761, 0.7102, 0.7523, 0.8594, 0.9299,
         0.0000],
        [0.5125, 0.5301, 0.5666, 0.6068, 0.6255, 0.6424, 0.6999, 0.7793, 0.8489,
         0.9291]])
final average acc: 0.674, std: 0.043
total average acc: 0.754, std: 0.023
final forget: 0.282, std: 0.047
total forget: 0.211, std: 0.028
