lr = 0.340, alpha = 0.094, batch size = 256
seq len = 10, exp num = 20
tensor([[0.9147, 0.0000, 0.0000, 0.0000, 0.0000, 0.0000, 0.0000, 0.0000, 0.0000,
         0.0000],
        [0.8875, 0.9239, 0.0000, 0.0000, 0.0000, 0.0000, 0.0000, 0.0000, 0.0000,
         0.0000],
        [0.8280, 0.8761, 0.9263, 0.0000, 0.0000, 0.0000, 0.0000, 0.0000, 0.0000,
         0.0000],
        [0.7646, 0.8167, 0.8617, 0.9271, 0.0000, 0.0000, 0.0000, 0.0000, 0.0000,
         0.0000],
        [0.7105, 0.7582, 0.7935, 0.8477, 0.9289, 0.0000, 0.0000, 0.0000, 0.0000,
         0.0000],
        [0.6723, 0.7134, 0.7380, 0.7981, 0.8532, 0.9278, 0.0000, 0.0000, 0.0000,
         0.0000],
        [0.6258, 0.6613, 0.6754, 0.7238, 0.7798, 0.8540, 0.9322, 0.0000, 0.0000,
         0.0000],
        [0.5896, 0.5878, 0.6512, 0.6750, 0.7303, 0.7904, 0.8606, 0.9294, 0.0000,
         0.0000],
        [0.5565, 0.5686, 0.6054, 0.6226, 0.6961, 0.7310, 0.7709, 0.8450, 0.9290,
         0.0000],
        [0.5324, 0.5353, 0.5637, 0.5806, 0.6499, 0.6987, 0.7294, 0.7988, 0.8779,
         0.9303]])
final average acc: 0.690, std: 0.024
total average acc: 0.759, std: 0.020
final forget: 0.264, std: 0.026
total forget: 0.203, std: 0.023
