lr = 0.340, alpha = 0.065, batch size = 256
seq len = 10, exp num = 20
tensor([[0.9163, 0.0000, 0.0000, 0.0000, 0.0000, 0.0000, 0.0000, 0.0000, 0.0000,
         0.0000],
        [0.8843, 0.9241, 0.0000, 0.0000, 0.0000, 0.0000, 0.0000, 0.0000, 0.0000,
         0.0000],
        [0.8307, 0.8767, 0.9273, 0.0000, 0.0000, 0.0000, 0.0000, 0.0000, 0.0000,
         0.0000],
        [0.7486, 0.8009, 0.8602, 0.9281, 0.0000, 0.0000, 0.0000, 0.0000, 0.0000,
         0.0000],
        [0.6923, 0.7160, 0.7888, 0.8378, 0.9289, 0.0000, 0.0000, 0.0000, 0.0000,
         0.0000],
        [0.6328, 0.6643, 0.7322, 0.7756, 0.8266, 0.9297, 0.0000, 0.0000, 0.0000,
         0.0000],
        [0.6129, 0.6331, 0.6718, 0.7146, 0.7638, 0.8333, 0.9287, 0.0000, 0.0000,
         0.0000],
        [0.5563, 0.5800, 0.6355, 0.6849, 0.7130, 0.7744, 0.8344, 0.9292, 0.0000,
         0.0000],
        [0.5305, 0.5432, 0.6195, 0.6238, 0.6644, 0.7215, 0.7770, 0.8576, 0.9290,
         0.0000],
        [0.5099, 0.5128, 0.5743, 0.5838, 0.6177, 0.6735, 0.7342, 0.7828, 0.8548,
         0.9290]])
final average acc: 0.677, std: 0.035
total average acc: 0.748, std: 0.024
final forget: 0.277, std: 0.038
total forget: 0.217, std: 0.029
