lr = 0.340, alpha = 0.403, batch size = 256
seq len = 10, exp num = 20
tensor([[0.9157, 0.0000, 0.0000, 0.0000, 0.0000, 0.0000, 0.0000, 0.0000, 0.0000,
         0.0000],
        [0.8879, 0.9259, 0.0000, 0.0000, 0.0000, 0.0000, 0.0000, 0.0000, 0.0000,
         0.0000],
        [0.8285, 0.8812, 0.9280, 0.0000, 0.0000, 0.0000, 0.0000, 0.0000, 0.0000,
         0.0000],
        [0.7410, 0.8139, 0.8674, 0.9255, 0.0000, 0.0000, 0.0000, 0.0000, 0.0000,
         0.0000],
        [0.7050, 0.7459, 0.8061, 0.8671, 0.9295, 0.0000, 0.0000, 0.0000, 0.0000,
         0.0000],
        [0.6708, 0.6812, 0.7479, 0.8077, 0.8544, 0.9284, 0.0000, 0.0000, 0.0000,
         0.0000],
        [0.6255, 0.6440, 0.7029, 0.7172, 0.7753, 0.8561, 0.9295, 0.0000, 0.0000,
         0.0000],
        [0.5816, 0.6204, 0.6505, 0.6654, 0.7187, 0.7544, 0.8366, 0.9295, 0.0000,
         0.0000],
        [0.5433, 0.5849, 0.6094, 0.6442, 0.6551, 0.7134, 0.7659, 0.8418, 0.9266,
         0.0000],
        [0.5150, 0.5722, 0.5846, 0.5923, 0.6256, 0.6582, 0.6996, 0.7339, 0.8418,
         0.9273]])
final average acc: 0.675, std: 0.042
total average acc: 0.755, std: 0.024
final forget: 0.279, std: 0.045
total forget: 0.209, std: 0.028
