lr = 0.340, alpha = 0.078, batch size = 256
seq len = 10, exp num = 20
tensor([[0.9185, 0.0000, 0.0000, 0.0000, 0.0000, 0.0000, 0.0000, 0.0000, 0.0000,
         0.0000],
        [0.8858, 0.9275, 0.0000, 0.0000, 0.0000, 0.0000, 0.0000, 0.0000, 0.0000,
         0.0000],
        [0.8279, 0.8839, 0.9260, 0.0000, 0.0000, 0.0000, 0.0000, 0.0000, 0.0000,
         0.0000],
        [0.7666, 0.8016, 0.8761, 0.9291, 0.0000, 0.0000, 0.0000, 0.0000, 0.0000,
         0.0000],
        [0.6852, 0.7227, 0.8122, 0.8444, 0.9281, 0.0000, 0.0000, 0.0000, 0.0000,
         0.0000],
        [0.6385, 0.6448, 0.7252, 0.7656, 0.8326, 0.9279, 0.0000, 0.0000, 0.0000,
         0.0000],
        [0.6217, 0.6157, 0.7012, 0.7163, 0.7611, 0.8734, 0.9310, 0.0000, 0.0000,
         0.0000],
        [0.5921, 0.5989, 0.6710, 0.6854, 0.7153, 0.7859, 0.8617, 0.9303, 0.0000,
         0.0000],
        [0.5192, 0.5590, 0.6245, 0.6170, 0.6673, 0.7120, 0.7939, 0.8603, 0.9247,
         0.0000],
        [0.5005, 0.5136, 0.5797, 0.5852, 0.6354, 0.6688, 0.7362, 0.7821, 0.8425,
         0.9267]])
final average acc: 0.677, std: 0.043
total average acc: 0.752, std: 0.027
final forget: 0.278, std: 0.047
total forget: 0.212, std: 0.033
