lr = 0.340, alpha = 0.195, batch size = 256
seq len = 10, exp num = 20
tensor([[0.9120, 0.0000, 0.0000, 0.0000, 0.0000, 0.0000, 0.0000, 0.0000, 0.0000,
         0.0000],
        [0.8748, 0.9264, 0.0000, 0.0000, 0.0000, 0.0000, 0.0000, 0.0000, 0.0000,
         0.0000],
        [0.8160, 0.8763, 0.9284, 0.0000, 0.0000, 0.0000, 0.0000, 0.0000, 0.0000,
         0.0000],
        [0.7393, 0.8204, 0.8735, 0.9305, 0.0000, 0.0000, 0.0000, 0.0000, 0.0000,
         0.0000],
        [0.6780, 0.7500, 0.8101, 0.8448, 0.9254, 0.0000, 0.0000, 0.0000, 0.0000,
         0.0000],
        [0.6259, 0.7214, 0.7356, 0.7945, 0.8645, 0.9289, 0.0000, 0.0000, 0.0000,
         0.0000],
        [0.6063, 0.6617, 0.6875, 0.7238, 0.7962, 0.8622, 0.9283, 0.0000, 0.0000,
         0.0000],
        [0.5487, 0.6053, 0.6203, 0.6522, 0.7511, 0.7895, 0.8390, 0.9290, 0.0000,
         0.0000],
        [0.5005, 0.5589, 0.5955, 0.6197, 0.6868, 0.7175, 0.7803, 0.8477, 0.9278,
         0.0000],
        [0.4854, 0.5410, 0.5744, 0.6022, 0.6369, 0.6750, 0.7347, 0.7805, 0.8534,
         0.9306]])
final average acc: 0.681, std: 0.042
total average acc: 0.753, std: 0.020
final forget: 0.273, std: 0.046
total forget: 0.210, std: 0.022
