lr = 0.340, alpha = 0.234, batch size = 256
seq len = 10, exp num = 20
tensor([[0.9157, 0.0000, 0.0000, 0.0000, 0.0000, 0.0000, 0.0000, 0.0000, 0.0000,
         0.0000],
        [0.8915, 0.9256, 0.0000, 0.0000, 0.0000, 0.0000, 0.0000, 0.0000, 0.0000,
         0.0000],
        [0.8156, 0.8766, 0.9267, 0.0000, 0.0000, 0.0000, 0.0000, 0.0000, 0.0000,
         0.0000],
        [0.7390, 0.8074, 0.8547, 0.9284, 0.0000, 0.0000, 0.0000, 0.0000, 0.0000,
         0.0000],
        [0.6840, 0.7238, 0.8020, 0.8708, 0.9318, 0.0000, 0.0000, 0.0000, 0.0000,
         0.0000],
        [0.6558, 0.6917, 0.7423, 0.8038, 0.8644, 0.9290, 0.0000, 0.0000, 0.0000,
         0.0000],
        [0.6160, 0.6524, 0.6778, 0.7378, 0.8047, 0.8706, 0.9283, 0.0000, 0.0000,
         0.0000],
        [0.5597, 0.6080, 0.6329, 0.6831, 0.7394, 0.7890, 0.8219, 0.9279, 0.0000,
         0.0000],
        [0.5210, 0.5756, 0.5996, 0.6273, 0.6655, 0.7299, 0.7494, 0.8482, 0.9270,
         0.0000],
        [0.5287, 0.5560, 0.5924, 0.5975, 0.6490, 0.6837, 0.7155, 0.7698, 0.8417,
         0.9297]])
final average acc: 0.686, std: 0.037
total average acc: 0.755, std: 0.017
final forget: 0.267, std: 0.041
total forget: 0.208, std: 0.022
