lr = 0.340, alpha = 0.135, batch size = 256
seq len = 10, exp num = 20
tensor([[0.9128, 0.0000, 0.0000, 0.0000, 0.0000, 0.0000, 0.0000, 0.0000, 0.0000,
         0.0000],
        [0.8835, 0.9258, 0.0000, 0.0000, 0.0000, 0.0000, 0.0000, 0.0000, 0.0000,
         0.0000],
        [0.8276, 0.8798, 0.9249, 0.0000, 0.0000, 0.0000, 0.0000, 0.0000, 0.0000,
         0.0000],
        [0.7624, 0.8182, 0.8621, 0.9274, 0.0000, 0.0000, 0.0000, 0.0000, 0.0000,
         0.0000],
        [0.6994, 0.7104, 0.7849, 0.8553, 0.9289, 0.0000, 0.0000, 0.0000, 0.0000,
         0.0000],
        [0.6488, 0.7024, 0.7467, 0.7900, 0.8588, 0.9290, 0.0000, 0.0000, 0.0000,
         0.0000],
        [0.6191, 0.6658, 0.7034, 0.7460, 0.7964, 0.8595, 0.9280, 0.0000, 0.0000,
         0.0000],
        [0.5767, 0.6092, 0.6628, 0.6882, 0.7426, 0.7944, 0.8604, 0.9280, 0.0000,
         0.0000],
        [0.5565, 0.6047, 0.6248, 0.6115, 0.6940, 0.7217, 0.8185, 0.8653, 0.9285,
         0.0000],
        [0.5373, 0.5698, 0.5916, 0.5802, 0.6148, 0.6602, 0.7582, 0.8128, 0.8544,
         0.9311]])
final average acc: 0.691, std: 0.031
total average acc: 0.762, std: 0.020
final forget: 0.262, std: 0.035
total forget: 0.199, std: 0.024
