lr = 0.340, alpha = 0.162, batch size = 256
seq len = 10, exp num = 20
tensor([[0.9164, 0.0000, 0.0000, 0.0000, 0.0000, 0.0000, 0.0000, 0.0000, 0.0000,
         0.0000],
        [0.8803, 0.9258, 0.0000, 0.0000, 0.0000, 0.0000, 0.0000, 0.0000, 0.0000,
         0.0000],
        [0.8179, 0.8798, 0.9282, 0.0000, 0.0000, 0.0000, 0.0000, 0.0000, 0.0000,
         0.0000],
        [0.7624, 0.8276, 0.8684, 0.9285, 0.0000, 0.0000, 0.0000, 0.0000, 0.0000,
         0.0000],
        [0.7119, 0.7594, 0.8067, 0.8540, 0.9276, 0.0000, 0.0000, 0.0000, 0.0000,
         0.0000],
        [0.6449, 0.6972, 0.7404, 0.7455, 0.8438, 0.9285, 0.0000, 0.0000, 0.0000,
         0.0000],
        [0.6174, 0.6662, 0.6902, 0.7202, 0.7700, 0.8495, 0.9318, 0.0000, 0.0000,
         0.0000],
        [0.5810, 0.6129, 0.6320, 0.6800, 0.7022, 0.7805, 0.8641, 0.9292, 0.0000,
         0.0000],
        [0.5439, 0.5743, 0.5703, 0.6401, 0.6407, 0.7565, 0.8062, 0.8557, 0.9300,
         0.0000],
        [0.5096, 0.5280, 0.5486, 0.6013, 0.5976, 0.6983, 0.7370, 0.8102, 0.8765,
         0.9311]])
final average acc: 0.684, std: 0.028
total average acc: 0.756, std: 0.018
final forget: 0.271, std: 0.030
total forget: 0.208, std: 0.022
