lr = 0.340, alpha = 0.580, batch size = 256
seq len = 10, exp num = 20
tensor([[0.9173, 0.0000, 0.0000, 0.0000, 0.0000, 0.0000, 0.0000, 0.0000, 0.0000,
         0.0000],
        [0.8843, 0.9254, 0.0000, 0.0000, 0.0000, 0.0000, 0.0000, 0.0000, 0.0000,
         0.0000],
        [0.8333, 0.8829, 0.9276, 0.0000, 0.0000, 0.0000, 0.0000, 0.0000, 0.0000,
         0.0000],
        [0.7617, 0.8239, 0.8421, 0.9286, 0.0000, 0.0000, 0.0000, 0.0000, 0.0000,
         0.0000],
        [0.7235, 0.7522, 0.7660, 0.8482, 0.9306, 0.0000, 0.0000, 0.0000, 0.0000,
         0.0000],
        [0.6647, 0.6849, 0.7163, 0.7728, 0.8536, 0.9315, 0.0000, 0.0000, 0.0000,
         0.0000],
        [0.6033, 0.6216, 0.6787, 0.7275, 0.7831, 0.8632, 0.9270, 0.0000, 0.0000,
         0.0000],
        [0.5728, 0.6187, 0.6336, 0.6881, 0.7400, 0.7974, 0.8597, 0.9301, 0.0000,
         0.0000],
        [0.5657, 0.5926, 0.6002, 0.6464, 0.6802, 0.7396, 0.7959, 0.8661, 0.9306,
         0.0000],
        [0.5396, 0.5478, 0.5693, 0.6159, 0.6291, 0.6925, 0.7292, 0.8145, 0.8640,
         0.9314]])
final average acc: 0.693, std: 0.030
total average acc: 0.759, std: 0.024
final forget: 0.261, std: 0.032
total forget: 0.204, std: 0.028
