lr = 0.340, alpha = 1.000, batch size = 256
seq len = 10, exp num = 20
tensor([[0.9140, 0.0000, 0.0000, 0.0000, 0.0000, 0.0000, 0.0000, 0.0000, 0.0000,
         0.0000],
        [0.8754, 0.9283, 0.0000, 0.0000, 0.0000, 0.0000, 0.0000, 0.0000, 0.0000,
         0.0000],
        [0.8045, 0.8679, 0.9243, 0.0000, 0.0000, 0.0000, 0.0000, 0.0000, 0.0000,
         0.0000],
        [0.7400, 0.8068, 0.8534, 0.9282, 0.0000, 0.0000, 0.0000, 0.0000, 0.0000,
         0.0000],
        [0.6931, 0.7665, 0.8136, 0.8690, 0.9294, 0.0000, 0.0000, 0.0000, 0.0000,
         0.0000],
        [0.6381, 0.7031, 0.7468, 0.7944, 0.8434, 0.9275, 0.0000, 0.0000, 0.0000,
         0.0000],
        [0.6089, 0.6495, 0.6953, 0.7556, 0.7932, 0.8721, 0.9295, 0.0000, 0.0000,
         0.0000],
        [0.5710, 0.5980, 0.6617, 0.6904, 0.7304, 0.8118, 0.8676, 0.9319, 0.0000,
         0.0000],
        [0.5427, 0.5501, 0.6270, 0.6256, 0.6680, 0.7549, 0.8056, 0.8624, 0.9293,
         0.0000],
        [0.5113, 0.5487, 0.6154, 0.6207, 0.6519, 0.6940, 0.7414, 0.8030, 0.8556,
         0.9306]])
final average acc: 0.697, std: 0.040
total average acc: 0.761, std: 0.018
final forget: 0.256, std: 0.043
total forget: 0.201, std: 0.021
