lr = 0.340, alpha = 0.055, batch size = 256
seq len = 10, exp num = 20
tensor([[0.9161, 0.0000, 0.0000, 0.0000, 0.0000, 0.0000, 0.0000, 0.0000, 0.0000,
         0.0000],
        [0.8902, 0.9265, 0.0000, 0.0000, 0.0000, 0.0000, 0.0000, 0.0000, 0.0000,
         0.0000],
        [0.8226, 0.8863, 0.9271, 0.0000, 0.0000, 0.0000, 0.0000, 0.0000, 0.0000,
         0.0000],
        [0.7542, 0.8257, 0.8675, 0.9264, 0.0000, 0.0000, 0.0000, 0.0000, 0.0000,
         0.0000],
        [0.7035, 0.7669, 0.8104, 0.8622, 0.9305, 0.0000, 0.0000, 0.0000, 0.0000,
         0.0000],
        [0.6634, 0.7112, 0.7636, 0.7910, 0.8582, 0.9297, 0.0000, 0.0000, 0.0000,
         0.0000],
        [0.6415, 0.6664, 0.7218, 0.7349, 0.7819, 0.8486, 0.9274, 0.0000, 0.0000,
         0.0000],
        [0.5995, 0.6100, 0.6867, 0.6895, 0.7346, 0.7793, 0.8611, 0.9286, 0.0000,
         0.0000],
        [0.5512, 0.5797, 0.6527, 0.6695, 0.7025, 0.7182, 0.7965, 0.8594, 0.9273,
         0.0000],
        [0.5222, 0.5396, 0.6004, 0.6204, 0.6403, 0.6727, 0.7344, 0.7743, 0.8550,
         0.9265]])
final average acc: 0.689, std: 0.038
total average acc: 0.765, std: 0.023
final forget: 0.264, std: 0.041
total forget: 0.196, std: 0.026
