lr = 0.340, alpha = 0.483, batch size = 256
seq len = 10, exp num = 20
tensor([[0.9173, 0.0000, 0.0000, 0.0000, 0.0000, 0.0000, 0.0000, 0.0000, 0.0000,
         0.0000],
        [0.8817, 0.9241, 0.0000, 0.0000, 0.0000, 0.0000, 0.0000, 0.0000, 0.0000,
         0.0000],
        [0.8092, 0.8600, 0.9251, 0.0000, 0.0000, 0.0000, 0.0000, 0.0000, 0.0000,
         0.0000],
        [0.7687, 0.8106, 0.8635, 0.9293, 0.0000, 0.0000, 0.0000, 0.0000, 0.0000,
         0.0000],
        [0.7174, 0.7724, 0.8048, 0.8543, 0.9224, 0.0000, 0.0000, 0.0000, 0.0000,
         0.0000],
        [0.6657, 0.6957, 0.7402, 0.7919, 0.8422, 0.9297, 0.0000, 0.0000, 0.0000,
         0.0000],
        [0.6141, 0.6484, 0.6874, 0.7323, 0.7812, 0.8478, 0.9304, 0.0000, 0.0000,
         0.0000],
        [0.5758, 0.5889, 0.6235, 0.6875, 0.7196, 0.7468, 0.8480, 0.9299, 0.0000,
         0.0000],
        [0.5496, 0.5646, 0.5948, 0.6211, 0.6862, 0.7160, 0.7947, 0.8576, 0.9301,
         0.0000],
        [0.5468, 0.5421, 0.5734, 0.5919, 0.6376, 0.6660, 0.7197, 0.7897, 0.8374,
         0.9290]])
final average acc: 0.683, std: 0.026
total average acc: 0.755, std: 0.017
final forget: 0.270, std: 0.028
total forget: 0.208, std: 0.020
