lr = 0.340, alpha = 0.280, batch size = 256
seq len = 10, exp num = 20
tensor([[0.9171, 0.0000, 0.0000, 0.0000, 0.0000, 0.0000, 0.0000, 0.0000, 0.0000,
         0.0000],
        [0.8856, 0.9253, 0.0000, 0.0000, 0.0000, 0.0000, 0.0000, 0.0000, 0.0000,
         0.0000],
        [0.8340, 0.8758, 0.9222, 0.0000, 0.0000, 0.0000, 0.0000, 0.0000, 0.0000,
         0.0000],
        [0.7649, 0.7973, 0.8385, 0.9300, 0.0000, 0.0000, 0.0000, 0.0000, 0.0000,
         0.0000],
        [0.7222, 0.7205, 0.7719, 0.8557, 0.9280, 0.0000, 0.0000, 0.0000, 0.0000,
         0.0000],
        [0.6622, 0.6505, 0.7112, 0.7657, 0.8342, 0.9268, 0.0000, 0.0000, 0.0000,
         0.0000],
        [0.6246, 0.5929, 0.6776, 0.7231, 0.7799, 0.8568, 0.9276, 0.0000, 0.0000,
         0.0000],
        [0.5817, 0.5777, 0.6263, 0.6661, 0.7218, 0.7997, 0.8601, 0.9271, 0.0000,
         0.0000],
        [0.5298, 0.5218, 0.5747, 0.6119, 0.6408, 0.7039, 0.7790, 0.8234, 0.9281,
         0.0000],
        [0.5000, 0.4983, 0.5355, 0.5603, 0.5922, 0.6714, 0.7125, 0.7776, 0.8406,
         0.9297]])
final average acc: 0.662, std: 0.053
total average acc: 0.744, std: 0.023
final forget: 0.294, std: 0.058
total forget: 0.221, std: 0.027
