lr = 0.340, alpha = 0.695, batch size = 256
seq len = 10, exp num = 20
tensor([[0.9133, 0.0000, 0.0000, 0.0000, 0.0000, 0.0000, 0.0000, 0.0000, 0.0000,
         0.0000],
        [0.8790, 0.9249, 0.0000, 0.0000, 0.0000, 0.0000, 0.0000, 0.0000, 0.0000,
         0.0000],
        [0.8141, 0.8683, 0.9271, 0.0000, 0.0000, 0.0000, 0.0000, 0.0000, 0.0000,
         0.0000],
        [0.7566, 0.8121, 0.8674, 0.9269, 0.0000, 0.0000, 0.0000, 0.0000, 0.0000,
         0.0000],
        [0.7202, 0.7501, 0.7913, 0.8579, 0.9249, 0.0000, 0.0000, 0.0000, 0.0000,
         0.0000],
        [0.6421, 0.6714, 0.7331, 0.7605, 0.8479, 0.9308, 0.0000, 0.0000, 0.0000,
         0.0000],
        [0.6049, 0.6254, 0.6692, 0.7047, 0.7628, 0.8490, 0.9272, 0.0000, 0.0000,
         0.0000],
        [0.5727, 0.6003, 0.6543, 0.6506, 0.7103, 0.7884, 0.8503, 0.9298, 0.0000,
         0.0000],
        [0.5532, 0.5751, 0.6289, 0.6335, 0.6536, 0.7259, 0.7987, 0.8634, 0.9280,
         0.0000],
        [0.5132, 0.5441, 0.5835, 0.6103, 0.6215, 0.6774, 0.7317, 0.8050, 0.8523,
         0.9269]])
final average acc: 0.687, std: 0.040
total average acc: 0.754, std: 0.028
final forget: 0.266, std: 0.044
total forget: 0.209, std: 0.035
