lr = 0.340, alpha = 0.045, batch size = 256
seq len = 10, exp num = 20
tensor([[0.9139, 0.0000, 0.0000, 0.0000, 0.0000, 0.0000, 0.0000, 0.0000, 0.0000,
         0.0000],
        [0.8806, 0.9245, 0.0000, 0.0000, 0.0000, 0.0000, 0.0000, 0.0000, 0.0000,
         0.0000],
        [0.8113, 0.8833, 0.9279, 0.0000, 0.0000, 0.0000, 0.0000, 0.0000, 0.0000,
         0.0000],
        [0.7575, 0.8243, 0.8687, 0.9273, 0.0000, 0.0000, 0.0000, 0.0000, 0.0000,
         0.0000],
        [0.7173, 0.7392, 0.7972, 0.8527, 0.9243, 0.0000, 0.0000, 0.0000, 0.0000,
         0.0000],
        [0.6684, 0.7091, 0.7574, 0.8042, 0.8694, 0.9279, 0.0000, 0.0000, 0.0000,
         0.0000],
        [0.6270, 0.6478, 0.6931, 0.7463, 0.7987, 0.8664, 0.9311, 0.0000, 0.0000,
         0.0000],
        [0.5815, 0.6171, 0.6559, 0.7088, 0.7528, 0.7996, 0.8594, 0.9297, 0.0000,
         0.0000],
        [0.5332, 0.5755, 0.6142, 0.6794, 0.6976, 0.7378, 0.7866, 0.8571, 0.9301,
         0.0000],
        [0.5037, 0.5317, 0.5664, 0.6371, 0.6612, 0.6998, 0.7263, 0.7926, 0.8574,
         0.9272]])
final average acc: 0.690, std: 0.034
total average acc: 0.764, std: 0.023
final forget: 0.262, std: 0.037
total forget: 0.197, std: 0.027
