lr = 0.340, alpha = 0.834, batch size = 256
seq len = 10, exp num = 20
tensor([[0.9131, 0.0000, 0.0000, 0.0000, 0.0000, 0.0000, 0.0000, 0.0000, 0.0000,
         0.0000],
        [0.8825, 0.9257, 0.0000, 0.0000, 0.0000, 0.0000, 0.0000, 0.0000, 0.0000,
         0.0000],
        [0.8237, 0.8668, 0.9256, 0.0000, 0.0000, 0.0000, 0.0000, 0.0000, 0.0000,
         0.0000],
        [0.7686, 0.8133, 0.8712, 0.9275, 0.0000, 0.0000, 0.0000, 0.0000, 0.0000,
         0.0000],
        [0.7049, 0.7294, 0.7876, 0.8383, 0.9299, 0.0000, 0.0000, 0.0000, 0.0000,
         0.0000],
        [0.6493, 0.6859, 0.7258, 0.7683, 0.8584, 0.9317, 0.0000, 0.0000, 0.0000,
         0.0000],
        [0.6467, 0.6211, 0.6732, 0.7217, 0.8065, 0.8648, 0.9310, 0.0000, 0.0000,
         0.0000],
        [0.6085, 0.5558, 0.6168, 0.6849, 0.7401, 0.8013, 0.8536, 0.9287, 0.0000,
         0.0000],
        [0.5514, 0.5385, 0.5612, 0.6303, 0.6615, 0.7319, 0.7733, 0.8526, 0.9302,
         0.0000],
        [0.5434, 0.5294, 0.5904, 0.6101, 0.6367, 0.6919, 0.7136, 0.7799, 0.8436,
         0.9285]])
final average acc: 0.687, std: 0.044
total average acc: 0.754, std: 0.026
final forget: 0.267, std: 0.047
total forget: 0.209, std: 0.030
