lr = 0.340, alpha = 0.113, batch size = 256
seq len = 10, exp num = 20
tensor([[0.9129, 0.0000, 0.0000, 0.0000, 0.0000, 0.0000, 0.0000, 0.0000, 0.0000,
         0.0000],
        [0.8863, 0.9274, 0.0000, 0.0000, 0.0000, 0.0000, 0.0000, 0.0000, 0.0000,
         0.0000],
        [0.8390, 0.8780, 0.9270, 0.0000, 0.0000, 0.0000, 0.0000, 0.0000, 0.0000,
         0.0000],
        [0.7813, 0.8181, 0.8754, 0.9288, 0.0000, 0.0000, 0.0000, 0.0000, 0.0000,
         0.0000],
        [0.7274, 0.7570, 0.8054, 0.8571, 0.9269, 0.0000, 0.0000, 0.0000, 0.0000,
         0.0000],
        [0.6628, 0.6972, 0.7554, 0.8002, 0.8441, 0.9267, 0.0000, 0.0000, 0.0000,
         0.0000],
        [0.6416, 0.6453, 0.7005, 0.7362, 0.7666, 0.8401, 0.9311, 0.0000, 0.0000,
         0.0000],
        [0.6038, 0.6034, 0.6319, 0.6910, 0.7215, 0.7718, 0.8589, 0.9293, 0.0000,
         0.0000],
        [0.5943, 0.5696, 0.5952, 0.6356, 0.6652, 0.7159, 0.7936, 0.8550, 0.9290,
         0.0000],
        [0.5579, 0.5289, 0.5794, 0.6018, 0.6266, 0.6758, 0.7264, 0.7719, 0.8443,
         0.9274]])
final average acc: 0.684, std: 0.043
total average acc: 0.760, std: 0.023
final forget: 0.270, std: 0.047
total forget: 0.202, std: 0.029
