lr = 0.340, alpha = 0.032, batch size = 256
seq len = 10, exp num = 20
tensor([[0.9142, 0.0000, 0.0000, 0.0000, 0.0000, 0.0000, 0.0000, 0.0000, 0.0000,
         0.0000],
        [0.8836, 0.9251, 0.0000, 0.0000, 0.0000, 0.0000, 0.0000, 0.0000, 0.0000,
         0.0000],
        [0.8186, 0.8710, 0.9272, 0.0000, 0.0000, 0.0000, 0.0000, 0.0000, 0.0000,
         0.0000],
        [0.7405, 0.8187, 0.8593, 0.9304, 0.0000, 0.0000, 0.0000, 0.0000, 0.0000,
         0.0000],
        [0.7060, 0.7472, 0.7882, 0.8626, 0.9251, 0.0000, 0.0000, 0.0000, 0.0000,
         0.0000],
        [0.6671, 0.7041, 0.7410, 0.7890, 0.8280, 0.9268, 0.0000, 0.0000, 0.0000,
         0.0000],
        [0.6342, 0.6416, 0.6789, 0.7477, 0.7618, 0.8638, 0.9282, 0.0000, 0.0000,
         0.0000],
        [0.6028, 0.6150, 0.6290, 0.6965, 0.7198, 0.7985, 0.8380, 0.9297, 0.0000,
         0.0000],
        [0.5846, 0.5650, 0.5949, 0.6268, 0.6475, 0.7189, 0.7719, 0.8443, 0.9283,
         0.0000],
        [0.5511, 0.5259, 0.5585, 0.5946, 0.5917, 0.6640, 0.6974, 0.7829, 0.8495,
         0.9308]])
final average acc: 0.675, std: 0.026
total average acc: 0.754, std: 0.023
final forget: 0.280, std: 0.027
total forget: 0.209, std: 0.027
