lr = 0.340, alpha = 0.774, batch size = 256
seq len = 10, exp num = 4
tensor([[0.9171, 0.0000, 0.0000, 0.0000, 0.0000, 0.0000, 0.0000, 0.0000, 0.0000,
         0.0000],
        [0.8972, 0.9247, 0.0000, 0.0000, 0.0000, 0.0000, 0.0000, 0.0000, 0.0000,
         0.0000],
        [0.8194, 0.8870, 0.9269, 0.0000, 0.0000, 0.0000, 0.0000, 0.0000, 0.0000,
         0.0000],
        [0.7594, 0.8094, 0.8371, 0.9286, 0.0000, 0.0000, 0.0000, 0.0000, 0.0000,
         0.0000],
        [0.6773, 0.7181, 0.8083, 0.8895, 0.9292, 0.0000, 0.0000, 0.0000, 0.0000,
         0.0000],
        [0.6569, 0.7295, 0.7828, 0.8728, 0.8611, 0.9129, 0.0000, 0.0000, 0.0000,
         0.0000],
        [0.5357, 0.6539, 0.7106, 0.7954, 0.8086, 0.8294, 0.9272, 0.0000, 0.0000,
         0.0000],
        [0.5174, 0.6019, 0.6701, 0.7451, 0.7103, 0.7476, 0.8437, 0.9299, 0.0000,
         0.0000],
        [0.4891, 0.5089, 0.6212, 0.6766, 0.7198, 0.7311, 0.7725, 0.8468, 0.9275,
         0.0000],
        [0.4688, 0.4947, 0.6077, 0.6399, 0.6831, 0.7330, 0.7489, 0.8409, 0.8793,
         0.9251]])
final average acc: 0.702, std: 0.028
total average acc: 0.762, std: 0.016
final forget: 0.248, std: 0.032
total forget: 0.199, std: 0.021
