lr = 0.340, alpha = 1000.000, batch size = 256
seq len = 10, exp num = 4
tensor([[0.9168, 0.0000, 0.0000, 0.0000, 0.0000, 0.0000, 0.0000, 0.0000, 0.0000,
         0.0000],
        [0.7027, 0.7220, 0.0000, 0.0000, 0.0000, 0.0000, 0.0000, 0.0000, 0.0000,
         0.0000],
        [0.6578, 0.7034, 0.7193, 0.0000, 0.0000, 0.0000, 0.0000, 0.0000, 0.0000,
         0.0000],
        [0.5449, 0.6114, 0.6055, 0.7239, 0.0000, 0.0000, 0.0000, 0.0000, 0.0000,
         0.0000],
        [0.5841, 0.6215, 0.6321, 0.6774, 0.7221, 0.0000, 0.0000, 0.0000, 0.0000,
         0.0000],
        [0.5518, 0.6055, 0.6143, 0.6454, 0.6962, 0.7168, 0.0000, 0.0000, 0.0000,
         0.0000],
        [0.5295, 0.5776, 0.5792, 0.6144, 0.6533, 0.6911, 0.7256, 0.0000, 0.0000,
         0.0000],
        [0.5002, 0.5083, 0.4929, 0.5796, 0.6245, 0.6564, 0.6944, 0.7231, 0.0000,
         0.0000],
        [0.3019, 0.2955, 0.3151, 0.3383, 0.4178, 0.4446, 0.4597, 0.4961, 0.5110,
         0.0000],
        [0.1893, 0.2205, 0.2229, 0.2425, 0.2388, 0.2651, 0.2769, 0.2995, 0.2951,
         0.2964]])
final average acc: 0.255, std: 0.313
total average acc: 0.532, std: 0.288
final forget: 0.470, std: 0.368
total forget: 0.256, std: 0.089
