lr = 0.340, alpha = 0.278, batch size = 256
seq len = 10, exp num = 4
tensor([[0.9186, 0.0000, 0.0000, 0.0000, 0.0000, 0.0000, 0.0000, 0.0000, 0.0000,
         0.0000],
        [0.8861, 0.9255, 0.0000, 0.0000, 0.0000, 0.0000, 0.0000, 0.0000, 0.0000,
         0.0000],
        [0.8474, 0.8887, 0.9234, 0.0000, 0.0000, 0.0000, 0.0000, 0.0000, 0.0000,
         0.0000],
        [0.7699, 0.8011, 0.8664, 0.9310, 0.0000, 0.0000, 0.0000, 0.0000, 0.0000,
         0.0000],
        [0.7254, 0.7601, 0.8389, 0.8886, 0.9325, 0.0000, 0.0000, 0.0000, 0.0000,
         0.0000],
        [0.6935, 0.7334, 0.7791, 0.7929, 0.8359, 0.9278, 0.0000, 0.0000, 0.0000,
         0.0000],
        [0.6486, 0.7101, 0.7501, 0.7382, 0.7639, 0.8663, 0.9271, 0.0000, 0.0000,
         0.0000],
        [0.5395, 0.6328, 0.6896, 0.6745, 0.6860, 0.8117, 0.8316, 0.9303, 0.0000,
         0.0000],
        [0.5269, 0.6248, 0.6205, 0.6450, 0.6470, 0.7568, 0.7928, 0.8752, 0.9303,
         0.0000],
        [0.4924, 0.5466, 0.6051, 0.6054, 0.6145, 0.7095, 0.7215, 0.7701, 0.8328,
         0.9348]])
final average acc: 0.683, std: 0.016
total average acc: 0.766, std: 0.011
final forget: 0.272, std: 0.019
total forget: 0.196, std: 0.014
