lr = 0.340, alpha = 2.154, batch size = 256
seq len = 10, exp num = 4
tensor([[0.9226, 0.0000, 0.0000, 0.0000, 0.0000, 0.0000, 0.0000, 0.0000, 0.0000,
         0.0000],
        [0.8917, 0.9275, 0.0000, 0.0000, 0.0000, 0.0000, 0.0000, 0.0000, 0.0000,
         0.0000],
        [0.8310, 0.8713, 0.9226, 0.0000, 0.0000, 0.0000, 0.0000, 0.0000, 0.0000,
         0.0000],
        [0.7925, 0.8017, 0.8368, 0.9175, 0.0000, 0.0000, 0.0000, 0.0000, 0.0000,
         0.0000],
        [0.7259, 0.6868, 0.7818, 0.8450, 0.9307, 0.0000, 0.0000, 0.0000, 0.0000,
         0.0000],
        [0.6606, 0.5979, 0.7235, 0.7249, 0.8719, 0.9317, 0.0000, 0.0000, 0.0000,
         0.0000],
        [0.6516, 0.6304, 0.7003, 0.6917, 0.7860, 0.8704, 0.9196, 0.0000, 0.0000,
         0.0000],
        [0.5677, 0.6220, 0.6524, 0.5961, 0.6859, 0.7848, 0.8718, 0.9284, 0.0000,
         0.0000],
        [0.5314, 0.5600, 0.6281, 0.5875, 0.6682, 0.7709, 0.8381, 0.8856, 0.9308,
         0.0000],
        [0.5262, 0.5582, 0.5897, 0.5713, 0.6432, 0.7246, 0.7980, 0.8497, 0.8864,
         0.9173]])
final average acc: 0.706, std: 0.038
total average acc: 0.757, std: 0.032
final forget: 0.243, std: 0.041
total forget: 0.205, std: 0.039
