lr = 0.340, alpha = 129.155, batch size = 256
seq len = 10, exp num = 4
tensor([[0.9132, 0.0000, 0.0000, 0.0000, 0.0000, 0.0000, 0.0000, 0.0000, 0.0000,
         0.0000],
        [0.8951, 0.9260, 0.0000, 0.0000, 0.0000, 0.0000, 0.0000, 0.0000, 0.0000,
         0.0000],
        [0.8635, 0.9077, 0.9293, 0.0000, 0.0000, 0.0000, 0.0000, 0.0000, 0.0000,
         0.0000],
        [0.8062, 0.8668, 0.9093, 0.9318, 0.0000, 0.0000, 0.0000, 0.0000, 0.0000,
         0.0000],
        [0.7423, 0.8062, 0.8367, 0.8827, 0.9258, 0.0000, 0.0000, 0.0000, 0.0000,
         0.0000],
        [0.7186, 0.7902, 0.7994, 0.8217, 0.8741, 0.9339, 0.0000, 0.0000, 0.0000,
         0.0000],
        [0.6444, 0.7652, 0.7707, 0.7774, 0.8300, 0.8890, 0.9255, 0.0000, 0.0000,
         0.0000],
        [0.6166, 0.6719, 0.7269, 0.7363, 0.7774, 0.8678, 0.8974, 0.9364, 0.0000,
         0.0000],
        [0.5783, 0.5662, 0.6604, 0.6439, 0.7488, 0.8443, 0.8683, 0.8928, 0.9352,
         0.0000],
        [0.5329, 0.5867, 0.5527, 0.5820, 0.7124, 0.7637, 0.7904, 0.8294, 0.8912,
         0.9243]])
final average acc: 0.717, std: 0.035
total average acc: 0.797, std: 0.011
final forget: 0.235, std: 0.041
total forget: 0.159, std: 0.016
