lr = 0.340, alpha = 0.100, batch size = 256
seq len = 10, exp num = 4
tensor([[0.9218, 0.0000, 0.0000, 0.0000, 0.0000, 0.0000, 0.0000, 0.0000, 0.0000,
         0.0000],
        [0.8776, 0.9290, 0.0000, 0.0000, 0.0000, 0.0000, 0.0000, 0.0000, 0.0000,
         0.0000],
        [0.8197, 0.8460, 0.9280, 0.0000, 0.0000, 0.0000, 0.0000, 0.0000, 0.0000,
         0.0000],
        [0.7706, 0.7658, 0.8798, 0.9277, 0.0000, 0.0000, 0.0000, 0.0000, 0.0000,
         0.0000],
        [0.6494, 0.7332, 0.7578, 0.8218, 0.9239, 0.0000, 0.0000, 0.0000, 0.0000,
         0.0000],
        [0.6084, 0.6701, 0.6878, 0.7496, 0.8086, 0.9293, 0.0000, 0.0000, 0.0000,
         0.0000],
        [0.5617, 0.6371, 0.7155, 0.6695, 0.7637, 0.8291, 0.9273, 0.0000, 0.0000,
         0.0000],
        [0.5572, 0.6141, 0.6376, 0.6269, 0.6391, 0.7908, 0.8602, 0.9247, 0.0000,
         0.0000],
        [0.4927, 0.5557, 0.6019, 0.5854, 0.6378, 0.7242, 0.8187, 0.8226, 0.9270,
         0.0000],
        [0.5117, 0.5442, 0.5748, 0.5809, 0.6192, 0.6679, 0.7604, 0.7508, 0.8952,
         0.9303]])
final average acc: 0.684, std: 0.027
total average acc: 0.741, std: 0.030
final forget: 0.270, std: 0.029
total forget: 0.227, std: 0.035
