lr = 0.340, alpha = 46.416, batch size = 256
seq len = 10, exp num = 4
tensor([[0.9154, 0.0000, 0.0000, 0.0000, 0.0000, 0.0000, 0.0000, 0.0000, 0.0000,
         0.0000],
        [0.8896, 0.9301, 0.0000, 0.0000, 0.0000, 0.0000, 0.0000, 0.0000, 0.0000,
         0.0000],
        [0.8246, 0.8766, 0.9220, 0.0000, 0.0000, 0.0000, 0.0000, 0.0000, 0.0000,
         0.0000],
        [0.7870, 0.8321, 0.8731, 0.9303, 0.0000, 0.0000, 0.0000, 0.0000, 0.0000,
         0.0000],
        [0.6898, 0.7329, 0.8008, 0.8547, 0.9182, 0.0000, 0.0000, 0.0000, 0.0000,
         0.0000],
        [0.6324, 0.6969, 0.7981, 0.8057, 0.8791, 0.9331, 0.0000, 0.0000, 0.0000,
         0.0000],
        [0.5999, 0.6515, 0.7339, 0.7593, 0.7925, 0.8654, 0.9293, 0.0000, 0.0000,
         0.0000],
        [0.5065, 0.6064, 0.6702, 0.6911, 0.7892, 0.8200, 0.8929, 0.9302, 0.0000,
         0.0000],
        [0.4761, 0.5609, 0.5891, 0.6019, 0.7477, 0.7534, 0.8171, 0.8974, 0.9254,
         0.0000],
        [0.4830, 0.5146, 0.5731, 0.5647, 0.6528, 0.7033, 0.7326, 0.7979, 0.8844,
         0.9305]])
final average acc: 0.684, std: 0.028
total average acc: 0.763, std: 0.020
final forget: 0.270, std: 0.030
total forget: 0.198, std: 0.024
