lr = 0.340, alpha = 359.381, batch size = 256
seq len = 10, exp num = 4
tensor([[0.9136, 0.0000, 0.0000, 0.0000, 0.0000, 0.0000, 0.0000, 0.0000, 0.0000,
         0.0000],
        [0.8838, 0.9267, 0.0000, 0.0000, 0.0000, 0.0000, 0.0000, 0.0000, 0.0000,
         0.0000],
        [0.8511, 0.9027, 0.9317, 0.0000, 0.0000, 0.0000, 0.0000, 0.0000, 0.0000,
         0.0000],
        [0.7658, 0.8650, 0.9007, 0.9243, 0.0000, 0.0000, 0.0000, 0.0000, 0.0000,
         0.0000],
        [0.7213, 0.8171, 0.8672, 0.8975, 0.9238, 0.0000, 0.0000, 0.0000, 0.0000,
         0.0000],
        [0.6664, 0.7564, 0.8125, 0.8640, 0.9032, 0.9307, 0.0000, 0.0000, 0.0000,
         0.0000],
        [0.6356, 0.7247, 0.7509, 0.8316, 0.8390, 0.8918, 0.9276, 0.0000, 0.0000,
         0.0000],
        [0.6048, 0.6598, 0.6817, 0.7573, 0.8181, 0.8479, 0.8852, 0.9309, 0.0000,
         0.0000],
        [0.5130, 0.5984, 0.6069, 0.6981, 0.7594, 0.7649, 0.8525, 0.8976, 0.9315,
         0.0000],
        [0.4383, 0.5376, 0.5651, 0.6441, 0.6903, 0.7200, 0.7781, 0.8270, 0.8915,
         0.9231]])
final average acc: 0.702, std: 0.058
total average acc: 0.790, std: 0.029
final forget: 0.250, std: 0.064
total forget: 0.165, std: 0.035
