lr = 0.340, alpha = 5.995, batch size = 256
seq len = 10, exp num = 4
tensor([[0.9190, 0.0000, 0.0000, 0.0000, 0.0000, 0.0000, 0.0000, 0.0000, 0.0000,
         0.0000],
        [0.8889, 0.9245, 0.0000, 0.0000, 0.0000, 0.0000, 0.0000, 0.0000, 0.0000,
         0.0000],
        [0.8242, 0.9122, 0.9299, 0.0000, 0.0000, 0.0000, 0.0000, 0.0000, 0.0000,
         0.0000],
        [0.7465, 0.8314, 0.8933, 0.9249, 0.0000, 0.0000, 0.0000, 0.0000, 0.0000,
         0.0000],
        [0.6432, 0.7821, 0.8572, 0.8755, 0.9315, 0.0000, 0.0000, 0.0000, 0.0000,
         0.0000],
        [0.6088, 0.7281, 0.7746, 0.8273, 0.8956, 0.9306, 0.0000, 0.0000, 0.0000,
         0.0000],
        [0.5879, 0.7059, 0.7431, 0.7739, 0.8174, 0.8629, 0.9311, 0.0000, 0.0000,
         0.0000],
        [0.5912, 0.6597, 0.7278, 0.7493, 0.7518, 0.8114, 0.8748, 0.9312, 0.0000,
         0.0000],
        [0.5322, 0.5936, 0.6310, 0.6587, 0.6555, 0.7285, 0.7723, 0.8608, 0.9297,
         0.0000],
        [0.5188, 0.5657, 0.5514, 0.6192, 0.6100, 0.6869, 0.7002, 0.7771, 0.8804,
         0.9326]])
final average acc: 0.684, std: 0.008
total average acc: 0.770, std: 0.004
final forget: 0.271, std: 0.009
total forget: 0.191, std: 0.007
