lr = 0.340, alpha = 16.681, batch size = 256
seq len = 10, exp num = 4
tensor([[0.9135, 0.0000, 0.0000, 0.0000, 0.0000, 0.0000, 0.0000, 0.0000, 0.0000,
         0.0000],
        [0.8944, 0.9275, 0.0000, 0.0000, 0.0000, 0.0000, 0.0000, 0.0000, 0.0000,
         0.0000],
        [0.8637, 0.8985, 0.9258, 0.0000, 0.0000, 0.0000, 0.0000, 0.0000, 0.0000,
         0.0000],
        [0.7761, 0.8367, 0.8649, 0.9194, 0.0000, 0.0000, 0.0000, 0.0000, 0.0000,
         0.0000],
        [0.7175, 0.7775, 0.8397, 0.8717, 0.9217, 0.0000, 0.0000, 0.0000, 0.0000,
         0.0000],
        [0.6863, 0.7458, 0.7905, 0.8107, 0.8580, 0.9273, 0.0000, 0.0000, 0.0000,
         0.0000],
        [0.6500, 0.6914, 0.7098, 0.7807, 0.7990, 0.8460, 0.9319, 0.0000, 0.0000,
         0.0000],
        [0.5775, 0.6482, 0.6956, 0.6841, 0.7808, 0.8110, 0.8827, 0.9272, 0.0000,
         0.0000],
        [0.5194, 0.5897, 0.6373, 0.6391, 0.6916, 0.7411, 0.8412, 0.8546, 0.9253,
         0.0000],
        [0.5051, 0.5537, 0.6073, 0.5978, 0.6332, 0.7606, 0.7995, 0.7967, 0.8623,
         0.9314]])
final average acc: 0.705, std: 0.022
total average acc: 0.776, std: 0.028
final forget: 0.245, std: 0.023
total forget: 0.180, std: 0.033
