lr = 0.340, batch size = 256
seq len = 10, exp num = 10
tensor([[0.9197, 0.0000, 0.0000, 0.0000, 0.0000, 0.0000, 0.0000, 0.0000, 0.0000,
         0.0000],
        [0.8837, 0.9257, 0.0000, 0.0000, 0.0000, 0.0000, 0.0000, 0.0000, 0.0000,
         0.0000],
        [0.8197, 0.8783, 0.9280, 0.0000, 0.0000, 0.0000, 0.0000, 0.0000, 0.0000,
         0.0000],
        [0.7779, 0.7928, 0.8562, 0.9304, 0.0000, 0.0000, 0.0000, 0.0000, 0.0000,
         0.0000],
        [0.7193, 0.7540, 0.7893, 0.8449, 0.9243, 0.0000, 0.0000, 0.0000, 0.0000,
         0.0000],
        [0.6830, 0.7034, 0.7444, 0.7953, 0.8585, 0.9298, 0.0000, 0.0000, 0.0000,
         0.0000],
        [0.6028, 0.6779, 0.6719, 0.7283, 0.7967, 0.8393, 0.9283, 0.0000, 0.0000,
         0.0000],
        [0.5726, 0.6660, 0.6459, 0.6690, 0.7435, 0.7798, 0.8672, 0.9235, 0.0000,
         0.0000],
        [0.5364, 0.5886, 0.5835, 0.6227, 0.6900, 0.7057, 0.7780, 0.8446, 0.9280,
         0.0000],
        [0.5137, 0.5878, 0.5864, 0.6217, 0.6436, 0.6957, 0.7348, 0.7993, 0.8668,
         0.9254]])
final average acc: 0.698, std: 0.028
total average acc: 0.760, std: 0.019
final forget: 0.254, std: 0.031
total forget: 0.202, std: 0.023
