lr = 0.200, alpha = 0.270, batch size = 256
seq len = 10, exp num = 10
tensor([[0.9070, 0.0000, 0.0000, 0.0000, 0.0000, 0.0000, 0.0000, 0.0000, 0.0000,
         0.0000],
        [0.8777, 0.9186, 0.0000, 0.0000, 0.0000, 0.0000, 0.0000, 0.0000, 0.0000,
         0.0000],
        [0.8389, 0.8799, 0.9204, 0.0000, 0.0000, 0.0000, 0.0000, 0.0000, 0.0000,
         0.0000],
        [0.7880, 0.8461, 0.8895, 0.9216, 0.0000, 0.0000, 0.0000, 0.0000, 0.0000,
         0.0000],
        [0.7196, 0.7824, 0.8566, 0.8906, 0.9225, 0.0000, 0.0000, 0.0000, 0.0000,
         0.0000],
        [0.6885, 0.7420, 0.8126, 0.8439, 0.8964, 0.9229, 0.0000, 0.0000, 0.0000,
         0.0000],
        [0.6510, 0.6478, 0.7241, 0.7823, 0.8483, 0.8954, 0.9248, 0.0000, 0.0000,
         0.0000],
        [0.6167, 0.5791, 0.6475, 0.7381, 0.7859, 0.8547, 0.8848, 0.9240, 0.0000,
         0.0000],
        [0.5796, 0.5126, 0.5859, 0.6728, 0.7298, 0.7853, 0.8476, 0.8826, 0.9271,
         0.0000],
        [0.5658, 0.4644, 0.5424, 0.6073, 0.6534, 0.7217, 0.7885, 0.8474, 0.8916,
         0.9236]])
final average acc: 0.701, std: 0.023
total average acc: 0.780, std: 0.012
final forget: 0.245, std: 0.026
total forget: 0.170, std: 0.015
