lr = 0.340, alpha = 0.245, batch size = 256
seq len = 10, exp num = 5
tensor([[0.9143, 0.0000, 0.0000, 0.0000, 0.0000, 0.0000, 0.0000, 0.0000, 0.0000,
         0.0000],
        [0.8808, 0.9270, 0.0000, 0.0000, 0.0000, 0.0000, 0.0000, 0.0000, 0.0000,
         0.0000],
        [0.7956, 0.8563, 0.9283, 0.0000, 0.0000, 0.0000, 0.0000, 0.0000, 0.0000,
         0.0000],
        [0.7819, 0.8058, 0.8721, 0.9229, 0.0000, 0.0000, 0.0000, 0.0000, 0.0000,
         0.0000],
        [0.7220, 0.7544, 0.8290, 0.8199, 0.9269, 0.0000, 0.0000, 0.0000, 0.0000,
         0.0000],
        [0.6834, 0.7174, 0.7717, 0.8213, 0.8591, 0.9331, 0.0000, 0.0000, 0.0000,
         0.0000],
        [0.6300, 0.6878, 0.7135, 0.7815, 0.8139, 0.8637, 0.9308, 0.0000, 0.0000,
         0.0000],
        [0.5679, 0.6461, 0.7083, 0.7614, 0.7662, 0.8253, 0.8942, 0.9336, 0.0000,
         0.0000],
        [0.5423, 0.6175, 0.6538, 0.7192, 0.7143, 0.7986, 0.7884, 0.8602, 0.9312,
         0.0000],
        [0.5041, 0.5752, 0.6299, 0.6667, 0.6896, 0.7367, 0.7313, 0.7643, 0.8276,
         0.9279]])
final average acc: 0.705, std: 0.012
total average acc: 0.777, std: 0.013
final forget: 0.247, std: 0.013
total forget: 0.182, std: 0.011
