lr = 0.340, alpha = 0.501, batch size = 256
seq len = 10, exp num = 5
tensor([[0.9136, 0.0000, 0.0000, 0.0000, 0.0000, 0.0000, 0.0000, 0.0000, 0.0000,
         0.0000],
        [0.8900, 0.9289, 0.0000, 0.0000, 0.0000, 0.0000, 0.0000, 0.0000, 0.0000,
         0.0000],
        [0.8397, 0.8859, 0.9238, 0.0000, 0.0000, 0.0000, 0.0000, 0.0000, 0.0000,
         0.0000],
        [0.7368, 0.7753, 0.8615, 0.9295, 0.0000, 0.0000, 0.0000, 0.0000, 0.0000,
         0.0000],
        [0.7209, 0.7481, 0.8287, 0.8845, 0.9296, 0.0000, 0.0000, 0.0000, 0.0000,
         0.0000],
        [0.6269, 0.6236, 0.7047, 0.7792, 0.8146, 0.9303, 0.0000, 0.0000, 0.0000,
         0.0000],
        [0.6065, 0.6074, 0.6350, 0.7266, 0.7377, 0.8486, 0.9276, 0.0000, 0.0000,
         0.0000],
        [0.5448, 0.6021, 0.5739, 0.6616, 0.6913, 0.7384, 0.8048, 0.9264, 0.0000,
         0.0000],
        [0.5065, 0.5528, 0.5853, 0.5819, 0.6092, 0.6743, 0.7445, 0.8591, 0.9281,
         0.0000],
        [0.4585, 0.5247, 0.5336, 0.5415, 0.5946, 0.6090, 0.6491, 0.7746, 0.8417,
         0.9301]])
final average acc: 0.646, std: 0.035
total average acc: 0.735, std: 0.027
final forget: 0.312, std: 0.039
total forget: 0.233, std: 0.036
