lr = 0.340, alpha = 0.205, batch size = 256
seq len = 10, exp num = 5
tensor([[0.9165, 0.0000, 0.0000, 0.0000, 0.0000, 0.0000, 0.0000, 0.0000, 0.0000,
         0.0000],
        [0.8684, 0.9234, 0.0000, 0.0000, 0.0000, 0.0000, 0.0000, 0.0000, 0.0000,
         0.0000],
        [0.8096, 0.8773, 0.9209, 0.0000, 0.0000, 0.0000, 0.0000, 0.0000, 0.0000,
         0.0000],
        [0.7457, 0.7977, 0.8190, 0.9214, 0.0000, 0.0000, 0.0000, 0.0000, 0.0000,
         0.0000],
        [0.6963, 0.7257, 0.7739, 0.8610, 0.9279, 0.0000, 0.0000, 0.0000, 0.0000,
         0.0000],
        [0.6473, 0.7031, 0.6956, 0.7485, 0.8267, 0.9263, 0.0000, 0.0000, 0.0000,
         0.0000],
        [0.5889, 0.6744, 0.6570, 0.7194, 0.7858, 0.8664, 0.9268, 0.0000, 0.0000,
         0.0000],
        [0.5299, 0.6113, 0.5952, 0.6131, 0.7322, 0.7832, 0.8591, 0.9326, 0.0000,
         0.0000],
        [0.5180, 0.6149, 0.5757, 0.5962, 0.6672, 0.7083, 0.7827, 0.8542, 0.9284,
         0.0000],
        [0.5146, 0.5929, 0.5697, 0.5875, 0.6850, 0.7355, 0.7240, 0.8201, 0.8402,
         0.9269]])
final average acc: 0.700, std: 0.038
total average acc: 0.750, std: 0.012
final forget: 0.251, std: 0.046
total forget: 0.212, std: 0.021
