lr = 0.340, alpha = 0.350, batch size = 256
seq len = 10, exp num = 5
tensor([[0.9170, 0.0000, 0.0000, 0.0000, 0.0000, 0.0000, 0.0000, 0.0000, 0.0000,
         0.0000],
        [0.8872, 0.9227, 0.0000, 0.0000, 0.0000, 0.0000, 0.0000, 0.0000, 0.0000,
         0.0000],
        [0.8435, 0.8795, 0.9294, 0.0000, 0.0000, 0.0000, 0.0000, 0.0000, 0.0000,
         0.0000],
        [0.7879, 0.8138, 0.8871, 0.9251, 0.0000, 0.0000, 0.0000, 0.0000, 0.0000,
         0.0000],
        [0.6886, 0.7094, 0.7825, 0.8164, 0.9222, 0.0000, 0.0000, 0.0000, 0.0000,
         0.0000],
        [0.6422, 0.6147, 0.7724, 0.7398, 0.8065, 0.9266, 0.0000, 0.0000, 0.0000,
         0.0000],
        [0.5123, 0.5777, 0.6566, 0.6775, 0.7504, 0.8622, 0.9327, 0.0000, 0.0000,
         0.0000],
        [0.5278, 0.5666, 0.5939, 0.6455, 0.6561, 0.8147, 0.8557, 0.9289, 0.0000,
         0.0000],
        [0.5010, 0.4908, 0.6063, 0.6232, 0.6284, 0.7653, 0.8200, 0.8664, 0.9302,
         0.0000],
        [0.5032, 0.4933, 0.5283, 0.6196, 0.5983, 0.6888, 0.7234, 0.7812, 0.8498,
         0.9345]])
final average acc: 0.672, std: 0.042
total average acc: 0.740, std: 0.038
final forget: 0.283, std: 0.045
total forget: 0.225, std: 0.044
