lr = 0.340, alpha = 0.293, batch size = 256
seq len = 10, exp num = 5
tensor([[0.9168, 0.0000, 0.0000, 0.0000, 0.0000, 0.0000, 0.0000, 0.0000, 0.0000,
         0.0000],
        [0.8881, 0.9310, 0.0000, 0.0000, 0.0000, 0.0000, 0.0000, 0.0000, 0.0000,
         0.0000],
        [0.8216, 0.8741, 0.9312, 0.0000, 0.0000, 0.0000, 0.0000, 0.0000, 0.0000,
         0.0000],
        [0.7555, 0.8294, 0.8942, 0.9295, 0.0000, 0.0000, 0.0000, 0.0000, 0.0000,
         0.0000],
        [0.6529, 0.7480, 0.8364, 0.8673, 0.9323, 0.0000, 0.0000, 0.0000, 0.0000,
         0.0000],
        [0.6031, 0.6404, 0.7190, 0.7443, 0.8359, 0.9302, 0.0000, 0.0000, 0.0000,
         0.0000],
        [0.5506, 0.5981, 0.6742, 0.7155, 0.7496, 0.8830, 0.9238, 0.0000, 0.0000,
         0.0000],
        [0.5215, 0.5702, 0.6662, 0.6863, 0.7027, 0.8103, 0.8449, 0.9234, 0.0000,
         0.0000],
        [0.5630, 0.5631, 0.6428, 0.6182, 0.6493, 0.7623, 0.7886, 0.8092, 0.9279,
         0.0000],
        [0.4605, 0.4861, 0.6139, 0.5825, 0.5923, 0.6996, 0.7449, 0.7741, 0.8447,
         0.9259]])
final average acc: 0.672, std: 0.018
total average acc: 0.748, std: 0.012
final forget: 0.283, std: 0.017
total forget: 0.219, std: 0.013
