lr = 0.340, alpha = 0.171, batch size = 256
seq len = 10, exp num = 5
tensor([[0.9200, 0.0000, 0.0000, 0.0000, 0.0000, 0.0000, 0.0000, 0.0000, 0.0000,
         0.0000],
        [0.8883, 0.9249, 0.0000, 0.0000, 0.0000, 0.0000, 0.0000, 0.0000, 0.0000,
         0.0000],
        [0.8330, 0.8715, 0.9279, 0.0000, 0.0000, 0.0000, 0.0000, 0.0000, 0.0000,
         0.0000],
        [0.7714, 0.8227, 0.8267, 0.9250, 0.0000, 0.0000, 0.0000, 0.0000, 0.0000,
         0.0000],
        [0.7095, 0.7401, 0.7552, 0.8334, 0.9277, 0.0000, 0.0000, 0.0000, 0.0000,
         0.0000],
        [0.6764, 0.7074, 0.7126, 0.7917, 0.8577, 0.9237, 0.0000, 0.0000, 0.0000,
         0.0000],
        [0.6419, 0.6403, 0.6907, 0.7271, 0.7450, 0.8413, 0.9287, 0.0000, 0.0000,
         0.0000],
        [0.6332, 0.6081, 0.6079, 0.6380, 0.6515, 0.7335, 0.8081, 0.9267, 0.0000,
         0.0000],
        [0.5841, 0.5355, 0.5460, 0.5493, 0.6342, 0.7144, 0.7804, 0.8846, 0.9258,
         0.0000],
        [0.5582, 0.5299, 0.5488, 0.5727, 0.5786, 0.6712, 0.7558, 0.8211, 0.8372,
         0.9297]])
final average acc: 0.680, std: 0.043
total average acc: 0.748, std: 0.021
final forget: 0.273, std: 0.048
total forget: 0.217, std: 0.027
