lr = 0.340, alpha = 0.143, batch size = 256
seq len = 10, exp num = 5
tensor([[0.9106, 0.0000, 0.0000, 0.0000, 0.0000, 0.0000, 0.0000, 0.0000, 0.0000,
         0.0000],
        [0.8949, 0.9232, 0.0000, 0.0000, 0.0000, 0.0000, 0.0000, 0.0000, 0.0000,
         0.0000],
        [0.8391, 0.8891, 0.9210, 0.0000, 0.0000, 0.0000, 0.0000, 0.0000, 0.0000,
         0.0000],
        [0.7494, 0.8133, 0.8568, 0.9268, 0.0000, 0.0000, 0.0000, 0.0000, 0.0000,
         0.0000],
        [0.7092, 0.7341, 0.7913, 0.8935, 0.9239, 0.0000, 0.0000, 0.0000, 0.0000,
         0.0000],
        [0.6827, 0.6796, 0.7427, 0.8048, 0.8501, 0.9299, 0.0000, 0.0000, 0.0000,
         0.0000],
        [0.6524, 0.6309, 0.7056, 0.7308, 0.8170, 0.8841, 0.9324, 0.0000, 0.0000,
         0.0000],
        [0.6199, 0.5908, 0.6584, 0.6481, 0.7331, 0.8148, 0.8557, 0.9291, 0.0000,
         0.0000],
        [0.5864, 0.5519, 0.6506, 0.6305, 0.6756, 0.7919, 0.8419, 0.8811, 0.9346,
         0.0000],
        [0.5538, 0.5069, 0.5727, 0.6135, 0.5723, 0.7249, 0.7663, 0.8024, 0.8685,
         0.9316]])
final average acc: 0.691, std: 0.016
total average acc: 0.766, std: 0.011
final forget: 0.261, std: 0.020
total forget: 0.192, std: 0.016
