lr = 0.340, alpha = 0.120, batch size = 256
seq len = 10, exp num = 5
tensor([[0.9181, 0.0000, 0.0000, 0.0000, 0.0000, 0.0000, 0.0000, 0.0000, 0.0000,
         0.0000],
        [0.8786, 0.9286, 0.0000, 0.0000, 0.0000, 0.0000, 0.0000, 0.0000, 0.0000,
         0.0000],
        [0.8076, 0.8686, 0.9244, 0.0000, 0.0000, 0.0000, 0.0000, 0.0000, 0.0000,
         0.0000],
        [0.7389, 0.8010, 0.8762, 0.9295, 0.0000, 0.0000, 0.0000, 0.0000, 0.0000,
         0.0000],
        [0.6563, 0.7175, 0.7794, 0.8283, 0.9143, 0.0000, 0.0000, 0.0000, 0.0000,
         0.0000],
        [0.6265, 0.7087, 0.7216, 0.7478, 0.8057, 0.9205, 0.0000, 0.0000, 0.0000,
         0.0000],
        [0.6523, 0.6798, 0.6931, 0.7164, 0.7505, 0.8435, 0.9243, 0.0000, 0.0000,
         0.0000],
        [0.5736, 0.6102, 0.6648, 0.6118, 0.7109, 0.7833, 0.8567, 0.9339, 0.0000,
         0.0000],
        [0.5477, 0.5620, 0.5844, 0.5803, 0.6703, 0.6763, 0.8002, 0.8890, 0.9247,
         0.0000],
        [0.5200, 0.5287, 0.5355, 0.5629, 0.6694, 0.6128, 0.7878, 0.8476, 0.8781,
         0.9257]])
final average acc: 0.687, std: 0.056
total average acc: 0.749, std: 0.035
final forget: 0.264, std: 0.063
total forget: 0.213, std: 0.044
