lr = 0.340, alpha = 0.100, batch size = 256
seq len = 10, exp num = 5
tensor([[0.9143, 0.0000, 0.0000, 0.0000, 0.0000, 0.0000, 0.0000, 0.0000, 0.0000,
         0.0000],
        [0.8755, 0.9283, 0.0000, 0.0000, 0.0000, 0.0000, 0.0000, 0.0000, 0.0000,
         0.0000],
        [0.8074, 0.8931, 0.9304, 0.0000, 0.0000, 0.0000, 0.0000, 0.0000, 0.0000,
         0.0000],
        [0.7192, 0.8346, 0.8581, 0.9274, 0.0000, 0.0000, 0.0000, 0.0000, 0.0000,
         0.0000],
        [0.6709, 0.7294, 0.7564, 0.8646, 0.9263, 0.0000, 0.0000, 0.0000, 0.0000,
         0.0000],
        [0.6120, 0.7053, 0.6388, 0.7724, 0.8623, 0.9244, 0.0000, 0.0000, 0.0000,
         0.0000],
        [0.6061, 0.6887, 0.6483, 0.7575, 0.7592, 0.8468, 0.9333, 0.0000, 0.0000,
         0.0000],
        [0.5797, 0.6764, 0.6351, 0.6550, 0.7140, 0.7245, 0.8341, 0.9231, 0.0000,
         0.0000],
        [0.5302, 0.6101, 0.6102, 0.6652, 0.6664, 0.6513, 0.7750, 0.8151, 0.9258,
         0.0000],
        [0.4847, 0.5603, 0.5365, 0.6267, 0.6183, 0.6614, 0.7280, 0.7267, 0.8286,
         0.9285]])
final average acc: 0.670, std: 0.040
total average acc: 0.747, std: 0.026
final forget: 0.285, std: 0.044
total forget: 0.218, std: 0.031
