lr = 0.340, alpha = 0.419, batch size = 256
seq len = 10, exp num = 5
tensor([[0.9120, 0.0000, 0.0000, 0.0000, 0.0000, 0.0000, 0.0000, 0.0000, 0.0000,
         0.0000],
        [0.8729, 0.9258, 0.0000, 0.0000, 0.0000, 0.0000, 0.0000, 0.0000, 0.0000,
         0.0000],
        [0.8409, 0.8796, 0.9240, 0.0000, 0.0000, 0.0000, 0.0000, 0.0000, 0.0000,
         0.0000],
        [0.7943, 0.8277, 0.8895, 0.9347, 0.0000, 0.0000, 0.0000, 0.0000, 0.0000,
         0.0000],
        [0.7402, 0.7641, 0.8436, 0.8573, 0.9287, 0.0000, 0.0000, 0.0000, 0.0000,
         0.0000],
        [0.6701, 0.7148, 0.7658, 0.8068, 0.8820, 0.9308, 0.0000, 0.0000, 0.0000,
         0.0000],
        [0.5961, 0.6278, 0.6604, 0.7073, 0.7927, 0.8428, 0.9260, 0.0000, 0.0000,
         0.0000],
        [0.6078, 0.5840, 0.6177, 0.6760, 0.7500, 0.8270, 0.8571, 0.9327, 0.0000,
         0.0000],
        [0.5766, 0.5388, 0.5772, 0.5905, 0.7013, 0.7275, 0.7910, 0.8608, 0.9313,
         0.0000],
        [0.5124, 0.4938, 0.5210, 0.6273, 0.6448, 0.6993, 0.7508, 0.8019, 0.8420,
         0.9277]])
final average acc: 0.682, std: 0.020
total average acc: 0.760, std: 0.015
final forget: 0.273, std: 0.023
total forget: 0.202, std: 0.018
