lr = 0.340, batch size = 256
seq len = 10, exp num = 20
tensor([[0.9160, 0.0000, 0.0000, 0.0000, 0.0000, 0.0000, 0.0000, 0.0000, 0.0000,
         0.0000],
        [0.8867, 0.9265, 0.0000, 0.0000, 0.0000, 0.0000, 0.0000, 0.0000, 0.0000,
         0.0000],
        [0.8241, 0.8632, 0.9283, 0.0000, 0.0000, 0.0000, 0.0000, 0.0000, 0.0000,
         0.0000],
        [0.7441, 0.7823, 0.8579, 0.9272, 0.0000, 0.0000, 0.0000, 0.0000, 0.0000,
         0.0000],
        [0.7090, 0.7281, 0.7944, 0.8493, 0.9270, 0.0000, 0.0000, 0.0000, 0.0000,
         0.0000],
        [0.6743, 0.6682, 0.7486, 0.7900, 0.8706, 0.9303, 0.0000, 0.0000, 0.0000,
         0.0000],
        [0.6092, 0.5936, 0.6882, 0.7297, 0.7941, 0.8439, 0.9309, 0.0000, 0.0000,
         0.0000],
        [0.5818, 0.5938, 0.6506, 0.6808, 0.7692, 0.7971, 0.8683, 0.9283, 0.0000,
         0.0000],
        [0.5229, 0.5500, 0.6030, 0.6162, 0.6925, 0.7256, 0.7988, 0.8560, 0.9240,
         0.0000],
        [0.5091, 0.5280, 0.5665, 0.6057, 0.6557, 0.6467, 0.7165, 0.7787, 0.8266,
         0.9278]])
final average acc: 0.676, std: 0.031
total average acc: 0.754, std: 0.027
final forget: 0.278, std: 0.033
total forget: 0.210, std: 0.032
