lr = 0.340, alpha = 40.000, batch size = 256
seq len = 10, exp num = 20
tensor([[0.9176, 0.0000, 0.0000, 0.0000, 0.0000, 0.0000, 0.0000, 0.0000, 0.0000,
         0.0000],
        [0.8924, 0.9279, 0.0000, 0.0000, 0.0000, 0.0000, 0.0000, 0.0000, 0.0000,
         0.0000],
        [0.8383, 0.8971, 0.9277, 0.0000, 0.0000, 0.0000, 0.0000, 0.0000, 0.0000,
         0.0000],
        [0.7740, 0.8371, 0.8817, 0.9263, 0.0000, 0.0000, 0.0000, 0.0000, 0.0000,
         0.0000],
        [0.7219, 0.7686, 0.8310, 0.8873, 0.9276, 0.0000, 0.0000, 0.0000, 0.0000,
         0.0000],
        [0.7016, 0.7311, 0.7938, 0.8395, 0.8861, 0.9308, 0.0000, 0.0000, 0.0000,
         0.0000],
        [0.6413, 0.6717, 0.7275, 0.7700, 0.8275, 0.8714, 0.9284, 0.0000, 0.0000,
         0.0000],
        [0.5998, 0.6175, 0.6603, 0.7106, 0.7677, 0.8320, 0.8879, 0.9322, 0.0000,
         0.0000],
        [0.5473, 0.5759, 0.6327, 0.6768, 0.7021, 0.7715, 0.8164, 0.8726, 0.9301,
         0.0000],
        [0.5133, 0.5508, 0.6147, 0.6260, 0.6536, 0.7271, 0.7610, 0.8215, 0.8639,
         0.9299]])
final average acc: 0.706, std: 0.034
total average acc: 0.780, std: 0.017
final forget: 0.246, std: 0.038
total forget: 0.180, std: 0.020
