tensor([[0.8762, 0.0000, 0.0000, 0.0000, 0.0000, 0.0000, 0.0000, 0.0000, 0.0000,
         0.0000],
        [0.8616, 0.8903, 0.0000, 0.0000, 0.0000, 0.0000, 0.0000, 0.0000, 0.0000,
         0.0000],
        [0.8409, 0.8740, 0.8933, 0.0000, 0.0000, 0.0000, 0.0000, 0.0000, 0.0000,
         0.0000],
        [0.8158, 0.8431, 0.8780, 0.8894, 0.0000, 0.0000, 0.0000, 0.0000, 0.0000,
         0.0000],
        [0.8053, 0.8362, 0.8329, 0.8721, 0.8918, 0.0000, 0.0000, 0.0000, 0.0000,
         0.0000],
        [0.7591, 0.7907, 0.7863, 0.8519, 0.8725, 0.8972, 0.0000, 0.0000, 0.0000,
         0.0000],
        [0.6878, 0.7561, 0.8050, 0.8284, 0.8279, 0.8759, 0.8947, 0.0000, 0.0000,
         0.0000],
        [0.5494, 0.7067, 0.8056, 0.7908, 0.7995, 0.8494, 0.8729, 0.8937, 0.0000,
         0.0000],
        [0.5656, 0.7413, 0.7660, 0.7678, 0.8014, 0.8186, 0.8467, 0.8764, 0.8951,
         0.0000],
        [0.5088, 0.6734, 0.7171, 0.7281, 0.7748, 0.7726, 0.8133, 0.8369, 0.8701,
         0.8928]])
final average accuracy:  tensor(0.7588)
total average accuracy:  tensor(0.8085)
final forget:  tensor(0.1474)
total forget:  tensor(0.0991)
