tensor([[0.8968, 0.0000, 0.0000, 0.0000, 0.0000, 0.0000, 0.0000, 0.0000, 0.0000,
         0.0000],
        [0.8679, 0.8967, 0.0000, 0.0000, 0.0000, 0.0000, 0.0000, 0.0000, 0.0000,
         0.0000],
        [0.8426, 0.8864, 0.9126, 0.0000, 0.0000, 0.0000, 0.0000, 0.0000, 0.0000,
         0.0000],
        [0.7892, 0.8444, 0.8858, 0.9075, 0.0000, 0.0000, 0.0000, 0.0000, 0.0000,
         0.0000],
        [0.7103, 0.7902, 0.8204, 0.8924, 0.9093, 0.0000, 0.0000, 0.0000, 0.0000,
         0.0000],
        [0.7164, 0.6808, 0.7711, 0.8516, 0.8643, 0.9147, 0.0000, 0.0000, 0.0000,
         0.0000],
        [0.5631, 0.5776, 0.6786, 0.7969, 0.8556, 0.8623, 0.9120, 0.0000, 0.0000,
         0.0000],
        [0.6269, 0.5260, 0.6643, 0.7860, 0.8190, 0.8244, 0.8955, 0.9156, 0.0000,
         0.0000],
        [0.6163, 0.5819, 0.6582, 0.7070, 0.7672, 0.8361, 0.8520, 0.8845, 0.9143,
         0.0000],
        [0.5109, 0.6112, 0.6301, 0.6369, 0.6991, 0.8003, 0.8179, 0.8339, 0.8893,
         0.9108]])
final average accuracy:  tensor(0.7340)
total average accuracy:  tensor(0.7839)
final forget:  tensor(0.1944)
total forget:  tensor(0.1498)
