tensor([[0.9080, 0.0000, 0.0000, 0.0000, 0.0000, 0.0000, 0.0000, 0.0000, 0.0000,
         0.0000],
        [0.8774, 0.9175, 0.0000, 0.0000, 0.0000, 0.0000, 0.0000, 0.0000, 0.0000,
         0.0000],
        [0.8346, 0.8873, 0.9188, 0.0000, 0.0000, 0.0000, 0.0000, 0.0000, 0.0000,
         0.0000],
        [0.8044, 0.8619, 0.8835, 0.9182, 0.0000, 0.0000, 0.0000, 0.0000, 0.0000,
         0.0000],
        [0.7530, 0.8201, 0.8458, 0.8995, 0.9203, 0.0000, 0.0000, 0.0000, 0.0000,
         0.0000],
        [0.7764, 0.8046, 0.7917, 0.8601, 0.8913, 0.9208, 0.0000, 0.0000, 0.0000,
         0.0000],
        [0.7222, 0.7950, 0.6960, 0.7643, 0.8519, 0.8868, 0.9249, 0.0000, 0.0000,
         0.0000],
        [0.6584, 0.7291, 0.6146, 0.7643, 0.8005, 0.8191, 0.8869, 0.9235, 0.0000,
         0.0000],
        [0.5680, 0.6198, 0.5593, 0.6241, 0.7292, 0.7889, 0.8366, 0.8916, 0.9187,
         0.0000],
        [0.5357, 0.5582, 0.5551, 0.6409, 0.6424, 0.7803, 0.7497, 0.8580, 0.8947,
         0.9207]])
final average accuracy:  tensor(0.7136)
total average accuracy:  tensor(0.7928)
final forget:  tensor(0.2284)
total forget:  tensor(0.1525)
