tensor([[0.9134, 0.0000, 0.0000, 0.0000, 0.0000, 0.0000, 0.0000, 0.0000, 0.0000,
         0.0000],
        [0.8811, 0.9071, 0.0000, 0.0000, 0.0000, 0.0000, 0.0000, 0.0000, 0.0000,
         0.0000],
        [0.8802, 0.8919, 0.9281, 0.0000, 0.0000, 0.0000, 0.0000, 0.0000, 0.0000,
         0.0000],
        [0.8303, 0.8717, 0.8977, 0.9233, 0.0000, 0.0000, 0.0000, 0.0000, 0.0000,
         0.0000],
        [0.7827, 0.8152, 0.8290, 0.8854, 0.9329, 0.0000, 0.0000, 0.0000, 0.0000,
         0.0000],
        [0.7399, 0.7632, 0.8173, 0.8474, 0.8954, 0.9327, 0.0000, 0.0000, 0.0000,
         0.0000],
        [0.6736, 0.7262, 0.7041, 0.7621, 0.8419, 0.8665, 0.9308, 0.0000, 0.0000,
         0.0000],
        [0.6968, 0.7422, 0.5635, 0.6946, 0.7431, 0.8367, 0.8601, 0.9284, 0.0000,
         0.0000],
        [0.5322, 0.6675, 0.5854, 0.6834, 0.7242, 0.7975, 0.7896, 0.9004, 0.9244,
         0.0000],
        [0.5622, 0.5374, 0.6355, 0.6198, 0.6598, 0.7767, 0.7532, 0.8740, 0.8992,
         0.9278]])
final average accuracy:  tensor(0.7246)
total average accuracy:  tensor(0.7925)
final forget:  tensor(0.2226)
total forget:  tensor(0.1588)
