tensor([[0.9020, 0.0000, 0.0000, 0.0000, 0.0000, 0.0000, 0.0000, 0.0000, 0.0000,
         0.0000],
        [0.8914, 0.9133, 0.0000, 0.0000, 0.0000, 0.0000, 0.0000, 0.0000, 0.0000,
         0.0000],
        [0.8522, 0.9039, 0.9233, 0.0000, 0.0000, 0.0000, 0.0000, 0.0000, 0.0000,
         0.0000],
        [0.8310, 0.8407, 0.8821, 0.9211, 0.0000, 0.0000, 0.0000, 0.0000, 0.0000,
         0.0000],
        [0.7685, 0.7585, 0.8088, 0.8815, 0.9274, 0.0000, 0.0000, 0.0000, 0.0000,
         0.0000],
        [0.6944, 0.7561, 0.7375, 0.8658, 0.8950, 0.9275, 0.0000, 0.0000, 0.0000,
         0.0000],
        [0.6773, 0.7179, 0.6886, 0.7811, 0.8452, 0.8734, 0.9154, 0.0000, 0.0000,
         0.0000],
        [0.6825, 0.6101, 0.6341, 0.7457, 0.8074, 0.8311, 0.8876, 0.9288, 0.0000,
         0.0000],
        [0.6388, 0.5380, 0.4344, 0.6897, 0.6230, 0.7211, 0.8306, 0.8631, 0.9275,
         0.0000],
        [0.5340, 0.3371, 0.3171, 0.5892, 0.4574, 0.6236, 0.8367, 0.8388, 0.8770,
         0.9302]])
final average accuracy:  tensor(0.6341)
total average accuracy:  tensor(0.7657)
final forget:  tensor(0.3195)
total forget:  tensor(0.1865)
