tensor([[0.9152, 0.0000, 0.0000, 0.0000, 0.0000, 0.0000, 0.0000, 0.0000, 0.0000,
         0.0000],
        [0.8856, 0.9144, 0.0000, 0.0000, 0.0000, 0.0000, 0.0000, 0.0000, 0.0000,
         0.0000],
        [0.8605, 0.9102, 0.9209, 0.0000, 0.0000, 0.0000, 0.0000, 0.0000, 0.0000,
         0.0000],
        [0.8169, 0.8806, 0.9065, 0.9240, 0.0000, 0.0000, 0.0000, 0.0000, 0.0000,
         0.0000],
        [0.7759, 0.8060, 0.7938, 0.8872, 0.8818, 0.0000, 0.0000, 0.0000, 0.0000,
         0.0000],
        [0.7453, 0.7867, 0.7188, 0.8564, 0.8030, 0.9233, 0.0000, 0.0000, 0.0000,
         0.0000],
        [0.6599, 0.7403, 0.5967, 0.7950, 0.7988, 0.8842, 0.9276, 0.0000, 0.0000,
         0.0000],
        [0.7210, 0.7300, 0.6220, 0.7502, 0.7386, 0.8185, 0.8765, 0.9010, 0.0000,
         0.0000],
        [0.6534, 0.6909, 0.6464, 0.7281, 0.6489, 0.7389, 0.8185, 0.8812, 0.9287,
         0.0000],
        [0.5664, 0.5549, 0.4909, 0.6520, 0.6368, 0.6147, 0.7762, 0.8469, 0.8879,
         0.9175]])
final average accuracy:  tensor(0.6944)
total average accuracy:  tensor(0.7846)
final forget:  tensor(0.2456)
total forget:  tensor(0.1591)
