tensor([[0.8988, 0.0000, 0.0000, 0.0000, 0.0000, 0.0000, 0.0000, 0.0000, 0.0000,
         0.0000],
        [0.8851, 0.9112, 0.0000, 0.0000, 0.0000, 0.0000, 0.0000, 0.0000, 0.0000,
         0.0000],
        [0.8501, 0.8527, 0.9215, 0.0000, 0.0000, 0.0000, 0.0000, 0.0000, 0.0000,
         0.0000],
        [0.7987, 0.8235, 0.8841, 0.9103, 0.0000, 0.0000, 0.0000, 0.0000, 0.0000,
         0.0000],
        [0.7740, 0.7921, 0.8604, 0.8958, 0.9158, 0.0000, 0.0000, 0.0000, 0.0000,
         0.0000],
        [0.6906, 0.6709, 0.8363, 0.8385, 0.8826, 0.9278, 0.0000, 0.0000, 0.0000,
         0.0000],
        [0.6736, 0.5880, 0.7250, 0.7971, 0.7956, 0.9041, 0.9217, 0.0000, 0.0000,
         0.0000],
        [0.6753, 0.4645, 0.7120, 0.7953, 0.7805, 0.8316, 0.8888, 0.9207, 0.0000,
         0.0000],
        [0.5906, 0.3809, 0.5370, 0.6463, 0.7205, 0.6988, 0.8708, 0.8849, 0.9282,
         0.0000],
        [0.5990, 0.4977, 0.5712, 0.6451, 0.6972, 0.7844, 0.8257, 0.8601, 0.8928,
         0.9215]])
final average accuracy:  tensor(0.7295)
total average accuracy:  tensor(0.7790)
final forget:  tensor(0.2092)
total forget:  tensor(0.1655)
