tensor([[0.9020, 0.0000, 0.0000, 0.0000, 0.0000, 0.0000, 0.0000, 0.0000, 0.0000,
         0.0000],
        [0.8779, 0.9144, 0.0000, 0.0000, 0.0000, 0.0000, 0.0000, 0.0000, 0.0000,
         0.0000],
        [0.8552, 0.8865, 0.9176, 0.0000, 0.0000, 0.0000, 0.0000, 0.0000, 0.0000,
         0.0000],
        [0.7479, 0.8197, 0.8728, 0.9194, 0.0000, 0.0000, 0.0000, 0.0000, 0.0000,
         0.0000],
        [0.7350, 0.7739, 0.8515, 0.8837, 0.9194, 0.0000, 0.0000, 0.0000, 0.0000,
         0.0000],
        [0.6786, 0.7828, 0.6884, 0.8430, 0.8890, 0.9235, 0.0000, 0.0000, 0.0000,
         0.0000],
        [0.6726, 0.7271, 0.6572, 0.7870, 0.8435, 0.8948, 0.9173, 0.0000, 0.0000,
         0.0000],
        [0.5526, 0.6519, 0.5507, 0.6872, 0.8437, 0.8537, 0.8770, 0.9279, 0.0000,
         0.0000],
        [0.4553, 0.6495, 0.5238, 0.6872, 0.7390, 0.7946, 0.8353, 0.8933, 0.9213,
         0.0000],
        [0.4856, 0.6200, 0.4395, 0.6217, 0.6194, 0.7207, 0.7082, 0.8398, 0.8949,
         0.9321]])
final average accuracy:  tensor(0.6882)
total average accuracy:  tensor(0.7729)
final forget:  tensor(0.2570)
total forget:  tensor(0.1751)
