tensor([[0.9126, 0.0000, 0.0000, 0.0000, 0.0000, 0.0000, 0.0000, 0.0000, 0.0000,
         0.0000],
        [0.8856, 0.9116, 0.0000, 0.0000, 0.0000, 0.0000, 0.0000, 0.0000, 0.0000,
         0.0000],
        [0.8504, 0.8855, 0.9246, 0.0000, 0.0000, 0.0000, 0.0000, 0.0000, 0.0000,
         0.0000],
        [0.8196, 0.8474, 0.9117, 0.9205, 0.0000, 0.0000, 0.0000, 0.0000, 0.0000,
         0.0000],
        [0.7688, 0.8057, 0.8529, 0.9005, 0.9229, 0.0000, 0.0000, 0.0000, 0.0000,
         0.0000],
        [0.6083, 0.7927, 0.7927, 0.8481, 0.8750, 0.9240, 0.0000, 0.0000, 0.0000,
         0.0000],
        [0.5820, 0.7246, 0.7024, 0.7993, 0.8244, 0.9030, 0.9266, 0.0000, 0.0000,
         0.0000],
        [0.5013, 0.5753, 0.6141, 0.7119, 0.8072, 0.8785, 0.8950, 0.9274, 0.0000,
         0.0000],
        [0.5675, 0.6211, 0.5746, 0.7031, 0.7035, 0.8349, 0.8225, 0.8869, 0.9267,
         0.0000],
        [0.4683, 0.4943, 0.4333, 0.6438, 0.5766, 0.7246, 0.7512, 0.8756, 0.9046,
         0.9296]])
final average accuracy:  tensor(0.6802)
total average accuracy:  tensor(0.7778)
final forget:  tensor(0.2694)
total forget:  tensor(0.1738)
