tensor([[0.8774, 0.0000, 0.0000, 0.0000, 0.0000, 0.0000, 0.0000, 0.0000, 0.0000,
         0.0000],
        [0.8498, 0.8876, 0.0000, 0.0000, 0.0000, 0.0000, 0.0000, 0.0000, 0.0000,
         0.0000],
        [0.8336, 0.8680, 0.8904, 0.0000, 0.0000, 0.0000, 0.0000, 0.0000, 0.0000,
         0.0000],
        [0.8078, 0.8233, 0.8664, 0.8921, 0.0000, 0.0000, 0.0000, 0.0000, 0.0000,
         0.0000],
        [0.7718, 0.7717, 0.8232, 0.8708, 0.8966, 0.0000, 0.0000, 0.0000, 0.0000,
         0.0000],
        [0.7436, 0.7268, 0.8302, 0.7582, 0.8524, 0.8910, 0.0000, 0.0000, 0.0000,
         0.0000],
        [0.7248, 0.6317, 0.7898, 0.8183, 0.8500, 0.8473, 0.8966, 0.0000, 0.0000,
         0.0000],
        [0.7153, 0.6530, 0.7601, 0.7700, 0.8256, 0.8190, 0.8755, 0.8964, 0.0000,
         0.0000],
        [0.6836, 0.5837, 0.7291, 0.6930, 0.7555, 0.7460, 0.8522, 0.8799, 0.8920,
         0.0000],
        [0.6461, 0.5410, 0.7006, 0.6508, 0.7482, 0.7169, 0.8132, 0.8467, 0.8601,
         0.8958]])
final average accuracy:  tensor(0.7419)
total average accuracy:  tensor(0.7935)
final forget:  tensor(0.1663)
total forget:  tensor(0.1173)
