tensor([[0.9101, 0.0000, 0.0000, 0.0000, 0.0000, 0.0000, 0.0000, 0.0000, 0.0000,
         0.0000],
        [0.8621, 0.9127, 0.0000, 0.0000, 0.0000, 0.0000, 0.0000, 0.0000, 0.0000,
         0.0000],
        [0.7998, 0.8912, 0.9196, 0.0000, 0.0000, 0.0000, 0.0000, 0.0000, 0.0000,
         0.0000],
        [0.7687, 0.8421, 0.8956, 0.9226, 0.0000, 0.0000, 0.0000, 0.0000, 0.0000,
         0.0000],
        [0.7712, 0.7882, 0.8458, 0.8911, 0.9204, 0.0000, 0.0000, 0.0000, 0.0000,
         0.0000],
        [0.6849, 0.6665, 0.6644, 0.8069, 0.9063, 0.9235, 0.0000, 0.0000, 0.0000,
         0.0000],
        [0.6524, 0.6130, 0.6387, 0.7659, 0.8438, 0.9006, 0.9248, 0.0000, 0.0000,
         0.0000],
        [0.6392, 0.5987, 0.6968, 0.7597, 0.7687, 0.8677, 0.8723, 0.9190, 0.0000,
         0.0000],
        [0.5502, 0.5668, 0.5387, 0.6485, 0.7205, 0.7889, 0.8720, 0.8973, 0.9352,
         0.0000],
        [0.4477, 0.4848, 0.3645, 0.6147, 0.6895, 0.7045, 0.8367, 0.7959, 0.9101,
         0.9271]])
final average accuracy:  tensor(0.6775)
total average accuracy:  tensor(0.7700)
final forget:  tensor(0.2711)
total forget:  tensor(0.1817)
