tensor([[0.9148, 0.0000, 0.0000, 0.0000, 0.0000, 0.0000, 0.0000, 0.0000, 0.0000,
         0.0000],
        [0.8902, 0.9168, 0.0000, 0.0000, 0.0000, 0.0000, 0.0000, 0.0000, 0.0000,
         0.0000],
        [0.8606, 0.8684, 0.9200, 0.0000, 0.0000, 0.0000, 0.0000, 0.0000, 0.0000,
         0.0000],
        [0.8192, 0.8393, 0.8870, 0.9267, 0.0000, 0.0000, 0.0000, 0.0000, 0.0000,
         0.0000],
        [0.7413, 0.7628, 0.7834, 0.8769, 0.9175, 0.0000, 0.0000, 0.0000, 0.0000,
         0.0000],
        [0.7479, 0.7851, 0.7503, 0.8622, 0.9070, 0.9265, 0.0000, 0.0000, 0.0000,
         0.0000],
        [0.7565, 0.6967, 0.7661, 0.8413, 0.8578, 0.8784, 0.9296, 0.0000, 0.0000,
         0.0000],
        [0.7338, 0.6900, 0.6589, 0.8310, 0.8108, 0.8475, 0.9067, 0.9281, 0.0000,
         0.0000],
        [0.7052, 0.5946, 0.5588, 0.7771, 0.7367, 0.7985, 0.8741, 0.9005, 0.9204,
         0.0000],
        [0.6217, 0.5668, 0.4052, 0.6142, 0.7239, 0.5375, 0.7934, 0.8717, 0.8914,
         0.9256]])
final average accuracy:  tensor(0.6951)
total average accuracy:  tensor(0.7974)
final forget:  tensor(0.2527)
total forget:  tensor(0.1511)
