tensor([[0.9079, 0.0000, 0.0000, 0.0000, 0.0000, 0.0000, 0.0000, 0.0000, 0.0000,
         0.0000],
        [0.8665, 0.9138, 0.0000, 0.0000, 0.0000, 0.0000, 0.0000, 0.0000, 0.0000,
         0.0000],
        [0.8259, 0.8783, 0.9248, 0.0000, 0.0000, 0.0000, 0.0000, 0.0000, 0.0000,
         0.0000],
        [0.8077, 0.8022, 0.8848, 0.9269, 0.0000, 0.0000, 0.0000, 0.0000, 0.0000,
         0.0000],
        [0.7300, 0.7325, 0.8554, 0.9108, 0.9230, 0.0000, 0.0000, 0.0000, 0.0000,
         0.0000],
        [0.6545, 0.6376, 0.7512, 0.8848, 0.8940, 0.9231, 0.0000, 0.0000, 0.0000,
         0.0000],
        [0.6155, 0.5571, 0.6736, 0.8586, 0.8597, 0.8702, 0.9262, 0.0000, 0.0000,
         0.0000],
        [0.5754, 0.6467, 0.6796, 0.8061, 0.8137, 0.8545, 0.8876, 0.9231, 0.0000,
         0.0000],
        [0.5316, 0.5850, 0.6412, 0.6719, 0.7918, 0.7770, 0.8472, 0.8973, 0.9161,
         0.0000],
        [0.5066, 0.5321, 0.5426, 0.6482, 0.7039, 0.7078, 0.8080, 0.8357, 0.9076,
         0.9272]])
final average accuracy:  tensor(0.7120)
total average accuracy:  tensor(0.7811)
final forget:  tensor(0.2325)
total forget:  tensor(0.1692)
