tensor([[0.9189, 0.0000, 0.0000, 0.0000, 0.0000, 0.0000, 0.0000, 0.0000, 0.0000,
         0.0000],
        [0.8783, 0.9231, 0.0000, 0.0000, 0.0000, 0.0000, 0.0000, 0.0000, 0.0000,
         0.0000],
        [0.8547, 0.8977, 0.9240, 0.0000, 0.0000, 0.0000, 0.0000, 0.0000, 0.0000,
         0.0000],
        [0.8351, 0.8083, 0.7283, 0.9353, 0.0000, 0.0000, 0.0000, 0.0000, 0.0000,
         0.0000],
        [0.7764, 0.8138, 0.7964, 0.8777, 0.9316, 0.0000, 0.0000, 0.0000, 0.0000,
         0.0000],
        [0.7511, 0.7273, 0.6823, 0.8668, 0.8871, 0.9346, 0.0000, 0.0000, 0.0000,
         0.0000],
        [0.6660, 0.6701, 0.6871, 0.8723, 0.8640, 0.8470, 0.9305, 0.0000, 0.0000,
         0.0000],
        [0.6281, 0.5850, 0.6524, 0.8091, 0.8281, 0.8098, 0.9083, 0.9341, 0.0000,
         0.0000],
        [0.6055, 0.5726, 0.6002, 0.7578, 0.7337, 0.8000, 0.8725, 0.8840, 0.9213,
         0.0000],
        [0.6363, 0.6079, 0.4993, 0.7140, 0.7215, 0.8005, 0.7827, 0.7271, 0.8968,
         0.9276]])
final average accuracy:  tensor(0.7314)
total average accuracy:  tensor(0.7909)
final forget:  tensor(0.2186)
total forget:  tensor(0.1665)
