tensor([[0.9144, 0.0000, 0.0000, 0.0000, 0.0000, 0.0000, 0.0000, 0.0000, 0.0000,
         0.0000],
        [0.8425, 0.9178, 0.0000, 0.0000, 0.0000, 0.0000, 0.0000, 0.0000, 0.0000,
         0.0000],
        [0.8371, 0.8656, 0.9289, 0.0000, 0.0000, 0.0000, 0.0000, 0.0000, 0.0000,
         0.0000],
        [0.6961, 0.7851, 0.9018, 0.9194, 0.0000, 0.0000, 0.0000, 0.0000, 0.0000,
         0.0000],
        [0.6693, 0.6887, 0.8545, 0.8935, 0.9290, 0.0000, 0.0000, 0.0000, 0.0000,
         0.0000],
        [0.6009, 0.6431, 0.8251, 0.8754, 0.8716, 0.9147, 0.0000, 0.0000, 0.0000,
         0.0000],
        [0.5770, 0.6053, 0.7234, 0.7580, 0.8002, 0.8417, 0.9101, 0.0000, 0.0000,
         0.0000],
        [0.5992, 0.6609, 0.7054, 0.7464, 0.6602, 0.8401, 0.9054, 0.9331, 0.0000,
         0.0000],
        [0.5292, 0.5351, 0.5760, 0.5981, 0.6121, 0.7172, 0.8171, 0.8355, 0.9257,
         0.0000],
        [0.5731, 0.4040, 0.6127, 0.6386, 0.5674, 0.7181, 0.7890, 0.8026, 0.8883,
         0.9204]])
final average accuracy:  tensor(0.6914)
total average accuracy:  tensor(0.7582)
final forget:  tensor(0.2555)
total forget:  tensor(0.1984)
