tensor([[0.9046, 0.0000, 0.0000, 0.0000, 0.0000, 0.0000, 0.0000, 0.0000, 0.0000,
         0.0000],
        [0.8482, 0.9082, 0.0000, 0.0000, 0.0000, 0.0000, 0.0000, 0.0000, 0.0000,
         0.0000],
        [0.8426, 0.8962, 0.9150, 0.0000, 0.0000, 0.0000, 0.0000, 0.0000, 0.0000,
         0.0000],
        [0.7107, 0.8526, 0.8741, 0.9122, 0.0000, 0.0000, 0.0000, 0.0000, 0.0000,
         0.0000],
        [0.6090, 0.7775, 0.8425, 0.8541, 0.9155, 0.0000, 0.0000, 0.0000, 0.0000,
         0.0000],
        [0.5858, 0.7643, 0.8237, 0.8373, 0.8949, 0.9210, 0.0000, 0.0000, 0.0000,
         0.0000],
        [0.5396, 0.7500, 0.7265, 0.8106, 0.8051, 0.9004, 0.9172, 0.0000, 0.0000,
         0.0000],
        [0.5692, 0.6302, 0.6788, 0.7568, 0.6607, 0.8407, 0.8992, 0.9167, 0.0000,
         0.0000],
        [0.6382, 0.5635, 0.6208, 0.6515, 0.5715, 0.8251, 0.8430, 0.8840, 0.9110,
         0.0000],
        [0.6733, 0.5366, 0.6179, 0.6432, 0.4634, 0.7376, 0.8095, 0.8411, 0.8861,
         0.9206]])
final average accuracy:  tensor(0.7129)
total average accuracy:  tensor(0.7733)
final forget:  tensor(0.2236)
total forget:  tensor(0.1701)
