tensor([[0.9039, 0.0000, 0.0000, 0.0000, 0.0000, 0.0000, 0.0000, 0.0000, 0.0000,
         0.0000],
        [0.8633, 0.9221, 0.0000, 0.0000, 0.0000, 0.0000, 0.0000, 0.0000, 0.0000,
         0.0000],
        [0.8048, 0.8788, 0.9241, 0.0000, 0.0000, 0.0000, 0.0000, 0.0000, 0.0000,
         0.0000],
        [0.7179, 0.7807, 0.8755, 0.9221, 0.0000, 0.0000, 0.0000, 0.0000, 0.0000,
         0.0000],
        [0.5796, 0.7366, 0.8405, 0.8923, 0.9263, 0.0000, 0.0000, 0.0000, 0.0000,
         0.0000],
        [0.5927, 0.7371, 0.7840, 0.8548, 0.8975, 0.9230, 0.0000, 0.0000, 0.0000,
         0.0000],
        [0.5706, 0.6418, 0.6807, 0.7625, 0.8314, 0.8429, 0.9246, 0.0000, 0.0000,
         0.0000],
        [0.5505, 0.6227, 0.6867, 0.5977, 0.7814, 0.7674, 0.8633, 0.9232, 0.0000,
         0.0000],
        [0.5323, 0.5103, 0.6745, 0.5145, 0.7360, 0.6700, 0.7783, 0.8676, 0.9312,
         0.0000],
        [0.4919, 0.5279, 0.5868, 0.4611, 0.7198, 0.7187, 0.7530, 0.8165, 0.8636,
         0.9326]])
final average accuracy:  tensor(0.6872)
total average accuracy:  tensor(0.7544)
final forget:  tensor(0.2624)
total forget:  tensor(0.2029)
