tensor([[0.8975, 0.0000, 0.0000, 0.0000, 0.0000, 0.0000, 0.0000, 0.0000, 0.0000,
         0.0000],
        [0.8813, 0.9101, 0.0000, 0.0000, 0.0000, 0.0000, 0.0000, 0.0000, 0.0000,
         0.0000],
        [0.8767, 0.8953, 0.9110, 0.0000, 0.0000, 0.0000, 0.0000, 0.0000, 0.0000,
         0.0000],
        [0.8427, 0.8722, 0.8784, 0.9153, 0.0000, 0.0000, 0.0000, 0.0000, 0.0000,
         0.0000],
        [0.7715, 0.8155, 0.8581, 0.8621, 0.9144, 0.0000, 0.0000, 0.0000, 0.0000,
         0.0000],
        [0.7739, 0.7874, 0.7906, 0.8168, 0.8878, 0.9134, 0.0000, 0.0000, 0.0000,
         0.0000],
        [0.7240, 0.7552, 0.7319, 0.7757, 0.8330, 0.8913, 0.9122, 0.0000, 0.0000,
         0.0000],
        [0.6447, 0.6615, 0.6720, 0.7524, 0.7410, 0.8741, 0.8878, 0.9188, 0.0000,
         0.0000],
        [0.6539, 0.6256, 0.6603, 0.6546, 0.6643, 0.8365, 0.8684, 0.8802, 0.9150,
         0.0000],
        [0.5337, 0.5933, 0.6297, 0.6279, 0.6431, 0.8007, 0.8558, 0.8782, 0.8897,
         0.9191]])
final average accuracy:  tensor(0.7371)
total average accuracy:  tensor(0.7996)
final forget:  tensor(0.1951)
total forget:  tensor(0.1354)
