tensor([[0.9064, 0.0000, 0.0000, 0.0000, 0.0000, 0.0000, 0.0000, 0.0000, 0.0000,
         0.0000],
        [0.8687, 0.9140, 0.0000, 0.0000, 0.0000, 0.0000, 0.0000, 0.0000, 0.0000,
         0.0000],
        [0.8534, 0.8867, 0.9247, 0.0000, 0.0000, 0.0000, 0.0000, 0.0000, 0.0000,
         0.0000],
        [0.7933, 0.7614, 0.8127, 0.9188, 0.0000, 0.0000, 0.0000, 0.0000, 0.0000,
         0.0000],
        [0.7972, 0.7517, 0.7853, 0.8883, 0.9221, 0.0000, 0.0000, 0.0000, 0.0000,
         0.0000],
        [0.7695, 0.7491, 0.8057, 0.8432, 0.9066, 0.9285, 0.0000, 0.0000, 0.0000,
         0.0000],
        [0.7325, 0.7157, 0.8135, 0.8173, 0.8447, 0.8734, 0.9196, 0.0000, 0.0000,
         0.0000],
        [0.6608, 0.6619, 0.7318, 0.7773, 0.7789, 0.8204, 0.9036, 0.9316, 0.0000,
         0.0000],
        [0.5788, 0.5582, 0.5813, 0.5991, 0.7542, 0.7544, 0.7667, 0.9075, 0.9322,
         0.0000],
        [0.5153, 0.5032, 0.5639, 0.5575, 0.7177, 0.7280, 0.6378, 0.8312, 0.9067,
         0.9281]])
final average accuracy:  tensor(0.6889)
total average accuracy:  tensor(0.7835)
final forget:  tensor(0.2596)
total forget:  tensor(0.1660)
