tensor([[0.9090, 0.0000, 0.0000, 0.0000, 0.0000, 0.0000, 0.0000, 0.0000, 0.0000,
         0.0000],
        [0.8703, 0.9140, 0.0000, 0.0000, 0.0000, 0.0000, 0.0000, 0.0000, 0.0000,
         0.0000],
        [0.8322, 0.9023, 0.9208, 0.0000, 0.0000, 0.0000, 0.0000, 0.0000, 0.0000,
         0.0000],
        [0.7979, 0.8494, 0.8679, 0.9280, 0.0000, 0.0000, 0.0000, 0.0000, 0.0000,
         0.0000],
        [0.8174, 0.7491, 0.8369, 0.9074, 0.9287, 0.0000, 0.0000, 0.0000, 0.0000,
         0.0000],
        [0.6803, 0.6043, 0.8434, 0.8874, 0.8778, 0.9266, 0.0000, 0.0000, 0.0000,
         0.0000],
        [0.6375, 0.5130, 0.7851, 0.8144, 0.8402, 0.8904, 0.9300, 0.0000, 0.0000,
         0.0000],
        [0.5749, 0.4175, 0.6436, 0.8409, 0.8383, 0.8914, 0.9054, 0.9328, 0.0000,
         0.0000],
        [0.5980, 0.3516, 0.6412, 0.7207, 0.7178, 0.8491, 0.8564, 0.9065, 0.9239,
         0.0000],
        [0.5446, 0.3270, 0.6095, 0.6534, 0.6511, 0.7896, 0.8188, 0.8966, 0.9134,
         0.9245]])
final average accuracy:  tensor(0.7128)
total average accuracy:  tensor(0.7818)
final forget:  tensor(0.2344)
total forget:  tensor(0.1705)
