tensor([[0.8979, 0.0000, 0.0000, 0.0000, 0.0000, 0.0000, 0.0000, 0.0000, 0.0000,
         0.0000],
        [0.8288, 0.8967, 0.0000, 0.0000, 0.0000, 0.0000, 0.0000, 0.0000, 0.0000,
         0.0000],
        [0.8063, 0.8684, 0.9121, 0.0000, 0.0000, 0.0000, 0.0000, 0.0000, 0.0000,
         0.0000],
        [0.7943, 0.8289, 0.8902, 0.9143, 0.0000, 0.0000, 0.0000, 0.0000, 0.0000,
         0.0000],
        [0.8036, 0.8304, 0.8680, 0.8736, 0.9125, 0.0000, 0.0000, 0.0000, 0.0000,
         0.0000],
        [0.7247, 0.7866, 0.8134, 0.7605, 0.8788, 0.9111, 0.0000, 0.0000, 0.0000,
         0.0000],
        [0.7568, 0.6802, 0.7847, 0.7342, 0.8662, 0.8933, 0.9131, 0.0000, 0.0000,
         0.0000],
        [0.5788, 0.5886, 0.7324, 0.6503, 0.7748, 0.8635, 0.8360, 0.9139, 0.0000,
         0.0000],
        [0.6038, 0.5456, 0.6776, 0.6068, 0.7501, 0.8264, 0.8205, 0.8761, 0.9151,
         0.0000],
        [0.5935, 0.5583, 0.5646, 0.5133, 0.7251, 0.8047, 0.8050, 0.8420, 0.8794,
         0.9139]])
final average accuracy:  tensor(0.7200)
total average accuracy:  tensor(0.7853)
final forget:  tensor(0.2112)
total forget:  tensor(0.1494)
