tensor([[0.9058, 0.0000, 0.0000, 0.0000, 0.0000, 0.0000, 0.0000, 0.0000, 0.0000,
         0.0000],
        [0.8684, 0.9270, 0.0000, 0.0000, 0.0000, 0.0000, 0.0000, 0.0000, 0.0000,
         0.0000],
        [0.8245, 0.8955, 0.9116, 0.0000, 0.0000, 0.0000, 0.0000, 0.0000, 0.0000,
         0.0000],
        [0.7719, 0.8684, 0.8999, 0.9196, 0.0000, 0.0000, 0.0000, 0.0000, 0.0000,
         0.0000],
        [0.7101, 0.7858, 0.8680, 0.8514, 0.9243, 0.0000, 0.0000, 0.0000, 0.0000,
         0.0000],
        [0.6424, 0.7113, 0.8487, 0.8324, 0.8646, 0.9301, 0.0000, 0.0000, 0.0000,
         0.0000],
        [0.5268, 0.6856, 0.7394, 0.7926, 0.7507, 0.9057, 0.9301, 0.0000, 0.0000,
         0.0000],
        [0.5461, 0.6655, 0.7177, 0.7177, 0.7240, 0.8811, 0.8874, 0.9246, 0.0000,
         0.0000],
        [0.4861, 0.6193, 0.6131, 0.6556, 0.6845, 0.7943, 0.8538, 0.9041, 0.9219,
         0.0000],
        [0.4633, 0.5894, 0.5435, 0.6363, 0.6758, 0.7845, 0.8475, 0.8500, 0.8973,
         0.9249]])
final average accuracy:  tensor(0.7212)
total average accuracy:  tensor(0.7800)
final forget:  tensor(0.2230)
total forget:  tensor(0.1709)
