tensor([[0.9025, 0.0000, 0.0000, 0.0000, 0.0000, 0.0000, 0.0000, 0.0000, 0.0000,
         0.0000],
        [0.8739, 0.9192, 0.0000, 0.0000, 0.0000, 0.0000, 0.0000, 0.0000, 0.0000,
         0.0000],
        [0.8342, 0.8489, 0.9211, 0.0000, 0.0000, 0.0000, 0.0000, 0.0000, 0.0000,
         0.0000],
        [0.7833, 0.8075, 0.8844, 0.9200, 0.0000, 0.0000, 0.0000, 0.0000, 0.0000,
         0.0000],
        [0.6921, 0.7598, 0.8371, 0.8660, 0.9249, 0.0000, 0.0000, 0.0000, 0.0000,
         0.0000],
        [0.6712, 0.7751, 0.8082, 0.8351, 0.9029, 0.9222, 0.0000, 0.0000, 0.0000,
         0.0000],
        [0.5889, 0.7102, 0.7743, 0.7962, 0.8526, 0.8832, 0.9138, 0.0000, 0.0000,
         0.0000],
        [0.5254, 0.6056, 0.6404, 0.7457, 0.8229, 0.8526, 0.8896, 0.9196, 0.0000,
         0.0000],
        [0.4597, 0.5065, 0.4806, 0.6642, 0.7244, 0.8063, 0.8631, 0.8908, 0.9255,
         0.0000],
        [0.5215, 0.5071, 0.5016, 0.6548, 0.5858, 0.7241, 0.8283, 0.8811, 0.9084,
         0.9099]])
final average accuracy:  tensor(0.7023)
total average accuracy:  tensor(0.7737)
final forget:  tensor(0.2396)
total forget:  tensor(0.1753)
