tensor([[0.8856, 0.0000, 0.0000, 0.0000, 0.0000, 0.0000, 0.0000, 0.0000, 0.0000,
         0.0000],
        [0.8656, 0.8965, 0.0000, 0.0000, 0.0000, 0.0000, 0.0000, 0.0000, 0.0000,
         0.0000],
        [0.7920, 0.8371, 0.8977, 0.0000, 0.0000, 0.0000, 0.0000, 0.0000, 0.0000,
         0.0000],
        [0.8039, 0.8483, 0.8690, 0.9013, 0.0000, 0.0000, 0.0000, 0.0000, 0.0000,
         0.0000],
        [0.7551, 0.8210, 0.8460, 0.8784, 0.8997, 0.0000, 0.0000, 0.0000, 0.0000,
         0.0000],
        [0.7230, 0.7554, 0.8398, 0.8110, 0.8284, 0.8998, 0.0000, 0.0000, 0.0000,
         0.0000],
        [0.7421, 0.7753, 0.8028, 0.8331, 0.8318, 0.8746, 0.9045, 0.0000, 0.0000,
         0.0000],
        [0.6932, 0.7668, 0.7349, 0.7908, 0.7860, 0.8277, 0.8728, 0.8967, 0.0000,
         0.0000],
        [0.6177, 0.7585, 0.7349, 0.7314, 0.7771, 0.8172, 0.8463, 0.8586, 0.9012,
         0.0000],
        [0.5440, 0.7121, 0.7230, 0.6839, 0.7244, 0.7930, 0.8030, 0.8462, 0.8669,
         0.8991]])
final average accuracy:  tensor(0.7596)
total average accuracy:  tensor(0.8077)
final forget:  tensor(0.1541)
total forget:  tensor(0.1088)
