tensor([[0.8554, 0.0000, 0.0000, 0.0000, 0.0000, 0.0000, 0.0000, 0.0000, 0.0000,
         0.0000],
        [0.8468, 0.8819, 0.0000, 0.0000, 0.0000, 0.0000, 0.0000, 0.0000, 0.0000,
         0.0000],
        [0.8225, 0.8621, 0.8839, 0.0000, 0.0000, 0.0000, 0.0000, 0.0000, 0.0000,
         0.0000],
        [0.7863, 0.8590, 0.8566, 0.8908, 0.0000, 0.0000, 0.0000, 0.0000, 0.0000,
         0.0000],
        [0.7168, 0.8354, 0.8445, 0.8488, 0.8866, 0.0000, 0.0000, 0.0000, 0.0000,
         0.0000],
        [0.7334, 0.8108, 0.8194, 0.8391, 0.8681, 0.8876, 0.0000, 0.0000, 0.0000,
         0.0000],
        [0.7226, 0.7601, 0.8172, 0.8288, 0.8514, 0.8464, 0.8872, 0.0000, 0.0000,
         0.0000],
        [0.6607, 0.7301, 0.7747, 0.7725, 0.8271, 0.8001, 0.8625, 0.8892, 0.0000,
         0.0000],
        [0.6094, 0.6990, 0.7395, 0.7746, 0.8048, 0.7412, 0.8230, 0.8376, 0.8865,
         0.0000],
        [0.5560, 0.6289, 0.7169, 0.7061, 0.7761, 0.6871, 0.7913, 0.8075, 0.8420,
         0.8864]])
final average accuracy:  tensor(0.7398)
total average accuracy:  tensor(0.7996)
final forget:  tensor(0.1597)
total forget:  tensor(0.0989)
