tensor([[0.9128, 0.0000, 0.0000, 0.0000, 0.0000, 0.0000, 0.0000, 0.0000, 0.0000,
         0.0000],
        [0.8893, 0.9163, 0.0000, 0.0000, 0.0000, 0.0000, 0.0000, 0.0000, 0.0000,
         0.0000],
        [0.8536, 0.8831, 0.9239, 0.0000, 0.0000, 0.0000, 0.0000, 0.0000, 0.0000,
         0.0000],
        [0.8290, 0.8543, 0.8918, 0.9311, 0.0000, 0.0000, 0.0000, 0.0000, 0.0000,
         0.0000],
        [0.7538, 0.7282, 0.8383, 0.8581, 0.9163, 0.0000, 0.0000, 0.0000, 0.0000,
         0.0000],
        [0.6973, 0.6489, 0.8376, 0.8714, 0.8901, 0.9275, 0.0000, 0.0000, 0.0000,
         0.0000],
        [0.6566, 0.5162, 0.8021, 0.8413, 0.8727, 0.9028, 0.9314, 0.0000, 0.0000,
         0.0000],
        [0.6277, 0.5381, 0.7140, 0.8019, 0.8148, 0.8338, 0.9014, 0.9239, 0.0000,
         0.0000],
        [0.6306, 0.4568, 0.7155, 0.7804, 0.7026, 0.7738, 0.8797, 0.8821, 0.9334,
         0.0000],
        [0.6346, 0.4616, 0.5792, 0.7937, 0.7273, 0.7658, 0.8330, 0.8807, 0.9102,
         0.9247]])
final average accuracy:  tensor(0.7511)
total average accuracy:  tensor(0.7963)
final forget:  tensor(0.1923)
total forget:  tensor(0.1536)
