tensor([[0.8894, 0.0000, 0.0000, 0.0000, 0.0000, 0.0000, 0.0000, 0.0000, 0.0000,
         0.0000],
        [0.8636, 0.8993, 0.0000, 0.0000, 0.0000, 0.0000, 0.0000, 0.0000, 0.0000,
         0.0000],
        [0.8407, 0.8660, 0.9019, 0.0000, 0.0000, 0.0000, 0.0000, 0.0000, 0.0000,
         0.0000],
        [0.7929, 0.8547, 0.8816, 0.9035, 0.0000, 0.0000, 0.0000, 0.0000, 0.0000,
         0.0000],
        [0.7799, 0.8391, 0.8669, 0.8774, 0.9036, 0.0000, 0.0000, 0.0000, 0.0000,
         0.0000],
        [0.7565, 0.8289, 0.8286, 0.8401, 0.8843, 0.9044, 0.0000, 0.0000, 0.0000,
         0.0000],
        [0.7181, 0.7847, 0.7759, 0.7952, 0.8655, 0.8853, 0.9010, 0.0000, 0.0000,
         0.0000],
        [0.6399, 0.7356, 0.7505, 0.7084, 0.8045, 0.8304, 0.8766, 0.9038, 0.0000,
         0.0000],
        [0.6656, 0.7215, 0.7063, 0.6084, 0.7807, 0.8006, 0.8462, 0.8787, 0.9019,
         0.0000],
        [0.6185, 0.7028, 0.6828, 0.5702, 0.7180, 0.7363, 0.7794, 0.8380, 0.8580,
         0.9026]])
final average accuracy:  tensor(0.7407)
total average accuracy:  tensor(0.8054)
final forget:  tensor(0.1783)
total forget:  tensor(0.1155)
