tensor([[0.9098, 0.0000, 0.0000, 0.0000, 0.0000, 0.0000, 0.0000, 0.0000, 0.0000,
         0.0000],
        [0.8958, 0.9221, 0.0000, 0.0000, 0.0000, 0.0000, 0.0000, 0.0000, 0.0000,
         0.0000],
        [0.8588, 0.8886, 0.9259, 0.0000, 0.0000, 0.0000, 0.0000, 0.0000, 0.0000,
         0.0000],
        [0.8433, 0.8470, 0.8940, 0.9240, 0.0000, 0.0000, 0.0000, 0.0000, 0.0000,
         0.0000],
        [0.8091, 0.7200, 0.8402, 0.8995, 0.9294, 0.0000, 0.0000, 0.0000, 0.0000,
         0.0000],
        [0.7388, 0.7378, 0.8129, 0.8744, 0.9010, 0.9273, 0.0000, 0.0000, 0.0000,
         0.0000],
        [0.7145, 0.6530, 0.7587, 0.8595, 0.8585, 0.9108, 0.9237, 0.0000, 0.0000,
         0.0000],
        [0.6649, 0.6133, 0.6324, 0.7886, 0.7143, 0.8251, 0.9000, 0.9292, 0.0000,
         0.0000],
        [0.6354, 0.5906, 0.5646, 0.7043, 0.6297, 0.7559, 0.8682, 0.9110, 0.9319,
         0.0000],
        [0.5583, 0.4482, 0.5043, 0.5955, 0.5756, 0.5268, 0.6556, 0.7856, 0.8335,
         0.9364]])
final average accuracy:  tensor(0.6420)
total average accuracy:  tensor(0.7792)
final forget:  tensor(0.3155)
total forget:  tensor(0.1758)
