tensor([[0.9072, 0.0000, 0.0000, 0.0000, 0.0000, 0.0000, 0.0000, 0.0000, 0.0000,
         0.0000],
        [0.8785, 0.9302, 0.0000, 0.0000, 0.0000, 0.0000, 0.0000, 0.0000, 0.0000,
         0.0000],
        [0.8135, 0.8830, 0.9095, 0.0000, 0.0000, 0.0000, 0.0000, 0.0000, 0.0000,
         0.0000],
        [0.7976, 0.8887, 0.9090, 0.9127, 0.0000, 0.0000, 0.0000, 0.0000, 0.0000,
         0.0000],
        [0.6520, 0.8318, 0.8276, 0.9015, 0.9322, 0.0000, 0.0000, 0.0000, 0.0000,
         0.0000],
        [0.6046, 0.7104, 0.6626, 0.6288, 0.7076, 0.9326, 0.0000, 0.0000, 0.0000,
         0.0000],
        [0.6462, 0.5876, 0.6838, 0.6958, 0.6808, 0.8552, 0.9253, 0.0000, 0.0000,
         0.0000],
        [0.6772, 0.6276, 0.5565, 0.5846, 0.5148, 0.7483, 0.7060, 0.9287, 0.0000,
         0.0000],
        [0.5458, 0.5664, 0.6275, 0.5248, 0.6313, 0.6976, 0.7408, 0.8561, 0.9303,
         0.0000],
        [0.4614, 0.4115, 0.5113, 0.4200, 0.4922, 0.5745, 0.6498, 0.8343, 0.8948,
         0.9248]])
final average accuracy:  tensor(0.6175)
total average accuracy:  tensor(0.7261)
final forget:  tensor(0.3399)
total forget:  tensor(0.2378)
