tensor([[0.9042, 0.0000, 0.0000, 0.0000, 0.0000, 0.0000, 0.0000, 0.0000, 0.0000,
         0.0000],
        [0.8949, 0.9226, 0.0000, 0.0000, 0.0000, 0.0000, 0.0000, 0.0000, 0.0000,
         0.0000],
        [0.8228, 0.8921, 0.9224, 0.0000, 0.0000, 0.0000, 0.0000, 0.0000, 0.0000,
         0.0000],
        [0.8569, 0.8737, 0.8900, 0.9284, 0.0000, 0.0000, 0.0000, 0.0000, 0.0000,
         0.0000],
        [0.7804, 0.8179, 0.8010, 0.8573, 0.9204, 0.0000, 0.0000, 0.0000, 0.0000,
         0.0000],
        [0.7344, 0.6979, 0.7207, 0.8144, 0.8997, 0.9265, 0.0000, 0.0000, 0.0000,
         0.0000],
        [0.6218, 0.6052, 0.6391, 0.7861, 0.7908, 0.8342, 0.9228, 0.0000, 0.0000,
         0.0000],
        [0.5733, 0.5178, 0.6106, 0.6840, 0.6732, 0.7940, 0.8861, 0.9254, 0.0000,
         0.0000],
        [0.6279, 0.5597, 0.6783, 0.6810, 0.7688, 0.7325, 0.8153, 0.8701, 0.9246,
         0.0000],
        [0.6073, 0.5186, 0.5575, 0.5117, 0.6484, 0.6377, 0.7805, 0.8310, 0.9130,
         0.9285]])
final average accuracy:  tensor(0.6934)
total average accuracy:  tensor(0.7697)
final forget:  tensor(0.2546)
total forget:  tensor(0.1842)
