tensor([[0.9191, 0.0000, 0.0000, 0.0000, 0.0000, 0.0000, 0.0000, 0.0000, 0.0000,
         0.0000],
        [0.8671, 0.9060, 0.0000, 0.0000, 0.0000, 0.0000, 0.0000, 0.0000, 0.0000,
         0.0000],
        [0.8165, 0.8662, 0.9295, 0.0000, 0.0000, 0.0000, 0.0000, 0.0000, 0.0000,
         0.0000],
        [0.7019, 0.7888, 0.8882, 0.9104, 0.0000, 0.0000, 0.0000, 0.0000, 0.0000,
         0.0000],
        [0.7804, 0.7764, 0.8494, 0.8755, 0.9264, 0.0000, 0.0000, 0.0000, 0.0000,
         0.0000],
        [0.7023, 0.6722, 0.7356, 0.6187, 0.8853, 0.9264, 0.0000, 0.0000, 0.0000,
         0.0000],
        [0.6307, 0.6738, 0.6128, 0.5588, 0.8264, 0.8877, 0.9360, 0.0000, 0.0000,
         0.0000],
        [0.6435, 0.6419, 0.7091, 0.7162, 0.8040, 0.8408, 0.8902, 0.9329, 0.0000,
         0.0000],
        [0.5938, 0.4623, 0.6609, 0.5074, 0.6896, 0.6029, 0.7979, 0.8517, 0.9293,
         0.0000],
        [0.5852, 0.4810, 0.7096, 0.4958, 0.7473, 0.5897, 0.7582, 0.7861, 0.8767,
         0.9287]])
final average accuracy:  tensor(0.6958)
total average accuracy:  tensor(0.7582)
final forget:  tensor(0.2540)
total forget:  tensor(0.1994)
