tensor([[0.8800, 0.0000, 0.0000, 0.0000, 0.0000, 0.0000, 0.0000, 0.0000, 0.0000,
         0.0000],
        [0.8673, 0.8910, 0.0000, 0.0000, 0.0000, 0.0000, 0.0000, 0.0000, 0.0000,
         0.0000],
        [0.8357, 0.8686, 0.8936, 0.0000, 0.0000, 0.0000, 0.0000, 0.0000, 0.0000,
         0.0000],
        [0.8020, 0.8526, 0.8717, 0.8928, 0.0000, 0.0000, 0.0000, 0.0000, 0.0000,
         0.0000],
        [0.7459, 0.8186, 0.8423, 0.8558, 0.8915, 0.0000, 0.0000, 0.0000, 0.0000,
         0.0000],
        [0.6969, 0.7742, 0.8284, 0.8126, 0.8801, 0.8987, 0.0000, 0.0000, 0.0000,
         0.0000],
        [0.6319, 0.7421, 0.8007, 0.8045, 0.8576, 0.8741, 0.8980, 0.0000, 0.0000,
         0.0000],
        [0.6061, 0.7265, 0.7491, 0.7996, 0.8142, 0.8498, 0.8770, 0.8950, 0.0000,
         0.0000],
        [0.5648, 0.6830, 0.6927, 0.7501, 0.7968, 0.7959, 0.8483, 0.8636, 0.8952,
         0.0000],
        [0.4775, 0.7099, 0.7160, 0.7149, 0.7919, 0.6837, 0.6911, 0.8440, 0.8390,
         0.8945]])
final average accuracy:  tensor(0.7362)
total average accuracy:  tensor(0.7978)
final forget:  tensor(0.1742)
total forget:  tensor(0.1143)
