tensor([[0.9110, 0.0000, 0.0000, 0.0000, 0.0000, 0.0000, 0.0000, 0.0000, 0.0000,
         0.0000],
        [0.8375, 0.9112, 0.0000, 0.0000, 0.0000, 0.0000, 0.0000, 0.0000, 0.0000,
         0.0000],
        [0.7833, 0.8695, 0.9231, 0.0000, 0.0000, 0.0000, 0.0000, 0.0000, 0.0000,
         0.0000],
        [0.7737, 0.8095, 0.8798, 0.9146, 0.0000, 0.0000, 0.0000, 0.0000, 0.0000,
         0.0000],
        [0.7323, 0.7840, 0.8239, 0.8949, 0.9233, 0.0000, 0.0000, 0.0000, 0.0000,
         0.0000],
        [0.6980, 0.7107, 0.7650, 0.8149, 0.8869, 0.9204, 0.0000, 0.0000, 0.0000,
         0.0000],
        [0.5946, 0.7431, 0.7327, 0.7851, 0.8668, 0.8944, 0.9189, 0.0000, 0.0000,
         0.0000],
        [0.6210, 0.7369, 0.7385, 0.7671, 0.8253, 0.8672, 0.8679, 0.9238, 0.0000,
         0.0000],
        [0.5986, 0.6824, 0.6528, 0.6692, 0.7439, 0.7552, 0.8824, 0.8999, 0.9257,
         0.0000],
        [0.4804, 0.5632, 0.5259, 0.4732, 0.6700, 0.7175, 0.8549, 0.8791, 0.9067,
         0.9258]])
final average accuracy:  tensor(0.6997)
total average accuracy:  tensor(0.7865)
final forget:  tensor(0.2446)
total forget:  tensor(0.1601)
