tensor([[0.9103, 0.0000, 0.0000, 0.0000, 0.0000, 0.0000, 0.0000, 0.0000, 0.0000,
         0.0000],
        [0.8887, 0.9169, 0.0000, 0.0000, 0.0000, 0.0000, 0.0000, 0.0000, 0.0000,
         0.0000],
        [0.8528, 0.8901, 0.9176, 0.0000, 0.0000, 0.0000, 0.0000, 0.0000, 0.0000,
         0.0000],
        [0.8485, 0.8797, 0.8894, 0.9212, 0.0000, 0.0000, 0.0000, 0.0000, 0.0000,
         0.0000],
        [0.8033, 0.8462, 0.8646, 0.8979, 0.9261, 0.0000, 0.0000, 0.0000, 0.0000,
         0.0000],
        [0.7344, 0.7814, 0.8317, 0.8248, 0.9064, 0.9300, 0.0000, 0.0000, 0.0000,
         0.0000],
        [0.6633, 0.7014, 0.7926, 0.8087, 0.8775, 0.8963, 0.9260, 0.0000, 0.0000,
         0.0000],
        [0.6629, 0.6819, 0.6776, 0.7740, 0.8402, 0.8693, 0.9103, 0.9253, 0.0000,
         0.0000],
        [0.5751, 0.5965, 0.6127, 0.5180, 0.6456, 0.7789, 0.8746, 0.8911, 0.9222,
         0.0000],
        [0.5318, 0.5315, 0.5312, 0.5013, 0.6509, 0.7937, 0.8146, 0.8772, 0.8981,
         0.9219]])
final average accuracy:  tensor(0.7052)
total average accuracy:  tensor(0.7952)
final forget:  tensor(0.2406)
total forget:  tensor(0.1525)
