tensor([[0.9100, 0.0000, 0.0000, 0.0000, 0.0000, 0.0000, 0.0000, 0.0000, 0.0000,
         0.0000],
        [0.8944, 0.9212, 0.0000, 0.0000, 0.0000, 0.0000, 0.0000, 0.0000, 0.0000,
         0.0000],
        [0.8413, 0.8422, 0.9154, 0.0000, 0.0000, 0.0000, 0.0000, 0.0000, 0.0000,
         0.0000],
        [0.7764, 0.8458, 0.8674, 0.9283, 0.0000, 0.0000, 0.0000, 0.0000, 0.0000,
         0.0000],
        [0.7715, 0.7937, 0.7792, 0.8910, 0.9230, 0.0000, 0.0000, 0.0000, 0.0000,
         0.0000],
        [0.6671, 0.6137, 0.6916, 0.8365, 0.8645, 0.9261, 0.0000, 0.0000, 0.0000,
         0.0000],
        [0.6622, 0.5644, 0.6829, 0.7883, 0.8330, 0.8872, 0.9262, 0.0000, 0.0000,
         0.0000],
        [0.5652, 0.5339, 0.5372, 0.7813, 0.7900, 0.7759, 0.8875, 0.9239, 0.0000,
         0.0000],
        [0.5052, 0.4750, 0.5071, 0.6803, 0.6414, 0.7082, 0.8268, 0.8843, 0.9252,
         0.0000],
        [0.4080, 0.3522, 0.4426, 0.6397, 0.4907, 0.6656, 0.7839, 0.8256, 0.8555,
         0.9297]])
final average accuracy:  tensor(0.6394)
total average accuracy:  tensor(0.7488)
final forget:  tensor(0.3151)
total forget:  tensor(0.2100)
