tensor([[0.9058, 0.0000, 0.0000, 0.0000, 0.0000, 0.0000, 0.0000, 0.0000, 0.0000,
         0.0000],
        [0.8616, 0.9173, 0.0000, 0.0000, 0.0000, 0.0000, 0.0000, 0.0000, 0.0000,
         0.0000],
        [0.8514, 0.8930, 0.9226, 0.0000, 0.0000, 0.0000, 0.0000, 0.0000, 0.0000,
         0.0000],
        [0.8104, 0.8517, 0.8928, 0.9236, 0.0000, 0.0000, 0.0000, 0.0000, 0.0000,
         0.0000],
        [0.6962, 0.8193, 0.8673, 0.9032, 0.9213, 0.0000, 0.0000, 0.0000, 0.0000,
         0.0000],
        [0.6339, 0.8261, 0.8372, 0.8670, 0.8940, 0.9094, 0.0000, 0.0000, 0.0000,
         0.0000],
        [0.6118, 0.7039, 0.7735, 0.7955, 0.8569, 0.8870, 0.9237, 0.0000, 0.0000,
         0.0000],
        [0.5456, 0.6156, 0.7168, 0.5304, 0.7680, 0.8014, 0.8829, 0.9231, 0.0000,
         0.0000],
        [0.5662, 0.6041, 0.7804, 0.5241, 0.7485, 0.7930, 0.8355, 0.9038, 0.9192,
         0.0000],
        [0.5637, 0.4740, 0.7295, 0.5719, 0.6903, 0.7663, 0.7637, 0.8691, 0.8778,
         0.9251]])
final average accuracy:  tensor(0.7231)
total average accuracy:  tensor(0.7863)
final forget:  tensor(0.2177)
total forget:  tensor(0.1603)
