tensor([[0.8973, 0.0000, 0.0000, 0.0000, 0.0000, 0.0000, 0.0000, 0.0000, 0.0000,
         0.0000],
        [0.8448, 0.9108, 0.0000, 0.0000, 0.0000, 0.0000, 0.0000, 0.0000, 0.0000,
         0.0000],
        [0.7919, 0.8815, 0.9110, 0.0000, 0.0000, 0.0000, 0.0000, 0.0000, 0.0000,
         0.0000],
        [0.7697, 0.8184, 0.8754, 0.9020, 0.0000, 0.0000, 0.0000, 0.0000, 0.0000,
         0.0000],
        [0.7249, 0.8367, 0.8628, 0.8949, 0.9186, 0.0000, 0.0000, 0.0000, 0.0000,
         0.0000],
        [0.7255, 0.7954, 0.7988, 0.8640, 0.8798, 0.9129, 0.0000, 0.0000, 0.0000,
         0.0000],
        [0.7184, 0.7594, 0.7137, 0.8368, 0.8552, 0.8705, 0.9130, 0.0000, 0.0000,
         0.0000],
        [0.6537, 0.7096, 0.6670, 0.8109, 0.7954, 0.8182, 0.8840, 0.9157, 0.0000,
         0.0000],
        [0.6418, 0.6098, 0.5727, 0.7315, 0.7035, 0.7526, 0.8235, 0.8974, 0.9222,
         0.0000],
        [0.5864, 0.6081, 0.5551, 0.6926, 0.5956, 0.7088, 0.8151, 0.8600, 0.8998,
         0.9212]])
final average accuracy:  tensor(0.7243)
total average accuracy:  tensor(0.7934)
final forget:  tensor(0.2091)
total forget:  tensor(0.1417)
