tensor([[0.8617, 0.0000, 0.0000, 0.0000, 0.0000, 0.0000, 0.0000, 0.0000, 0.0000,
         0.0000],
        [0.8395, 0.8841, 0.0000, 0.0000, 0.0000, 0.0000, 0.0000, 0.0000, 0.0000,
         0.0000],
        [0.8314, 0.8642, 0.8846, 0.0000, 0.0000, 0.0000, 0.0000, 0.0000, 0.0000,
         0.0000],
        [0.8079, 0.8229, 0.8576, 0.8886, 0.0000, 0.0000, 0.0000, 0.0000, 0.0000,
         0.0000],
        [0.7853, 0.8081, 0.8468, 0.8630, 0.8888, 0.0000, 0.0000, 0.0000, 0.0000,
         0.0000],
        [0.7582, 0.7255, 0.7915, 0.8015, 0.8692, 0.8909, 0.0000, 0.0000, 0.0000,
         0.0000],
        [0.7157, 0.7389, 0.7838, 0.7805, 0.8612, 0.8723, 0.8908, 0.0000, 0.0000,
         0.0000],
        [0.6878, 0.7068, 0.7793, 0.7725, 0.8158, 0.8107, 0.8603, 0.8920, 0.0000,
         0.0000],
        [0.7022, 0.7384, 0.7585, 0.7025, 0.8091, 0.8049, 0.8412, 0.8373, 0.8898,
         0.0000],
        [0.6621, 0.6761, 0.6796, 0.6856, 0.7723, 0.7706, 0.8149, 0.8091, 0.8367,
         0.8885]])
final average accuracy:  tensor(0.7595)
total average accuracy:  tensor(0.8040)
final forget:  tensor(0.1405)
total forget:  tensor(0.0966)
