tensor([[0.9016, 0.0000, 0.0000, 0.0000, 0.0000, 0.0000, 0.0000, 0.0000, 0.0000,
         0.0000],
        [0.8803, 0.9205, 0.0000, 0.0000, 0.0000, 0.0000, 0.0000, 0.0000, 0.0000,
         0.0000],
        [0.8729, 0.9048, 0.9298, 0.0000, 0.0000, 0.0000, 0.0000, 0.0000, 0.0000,
         0.0000],
        [0.8077, 0.8013, 0.9043, 0.9286, 0.0000, 0.0000, 0.0000, 0.0000, 0.0000,
         0.0000],
        [0.7453, 0.7781, 0.8610, 0.8978, 0.9245, 0.0000, 0.0000, 0.0000, 0.0000,
         0.0000],
        [0.6997, 0.6305, 0.6377, 0.7081, 0.8130, 0.9308, 0.0000, 0.0000, 0.0000,
         0.0000],
        [0.5931, 0.5341, 0.6253, 0.6828, 0.7758, 0.9037, 0.9225, 0.0000, 0.0000,
         0.0000],
        [0.6564, 0.5452, 0.4951, 0.6441, 0.7629, 0.8269, 0.8527, 0.9224, 0.0000,
         0.0000],
        [0.5730, 0.3393, 0.4646, 0.5889, 0.7607, 0.8289, 0.8577, 0.8571, 0.9316,
         0.0000],
        [0.5319, 0.3265, 0.5339, 0.6145, 0.7210, 0.7952, 0.8076, 0.8264, 0.8889,
         0.9334]])
final average accuracy:  tensor(0.6979)
total average accuracy:  tensor(0.7528)
final forget:  tensor(0.2518)
total forget:  tensor(0.2065)
