tensor([[0.9003, 0.0000, 0.0000, 0.0000, 0.0000, 0.0000, 0.0000, 0.0000, 0.0000,
         0.0000],
        [0.8730, 0.9202, 0.0000, 0.0000, 0.0000, 0.0000, 0.0000, 0.0000, 0.0000,
         0.0000],
        [0.8680, 0.9070, 0.9210, 0.0000, 0.0000, 0.0000, 0.0000, 0.0000, 0.0000,
         0.0000],
        [0.8469, 0.8512, 0.8959, 0.9264, 0.0000, 0.0000, 0.0000, 0.0000, 0.0000,
         0.0000],
        [0.7490, 0.7633, 0.8583, 0.9098, 0.9246, 0.0000, 0.0000, 0.0000, 0.0000,
         0.0000],
        [0.7460, 0.7157, 0.8141, 0.8984, 0.9060, 0.9273, 0.0000, 0.0000, 0.0000,
         0.0000],
        [0.7107, 0.7238, 0.7837, 0.8832, 0.8791, 0.8900, 0.9279, 0.0000, 0.0000,
         0.0000],
        [0.5230, 0.5501, 0.5896, 0.8002, 0.7655, 0.8684, 0.8642, 0.9277, 0.0000,
         0.0000],
        [0.5575, 0.5545, 0.5616, 0.7482, 0.7437, 0.8387, 0.8381, 0.8993, 0.9334,
         0.0000],
        [0.5237, 0.5110, 0.5783, 0.6901, 0.7084, 0.7448, 0.8214, 0.8835, 0.9151,
         0.9336]])
final average accuracy:  tensor(0.7310)
total average accuracy:  tensor(0.7963)
final forget:  tensor(0.2147)
total forget:  tensor(0.1516)
