tensor([[0.9028, 0.0000, 0.0000, 0.0000, 0.0000, 0.0000, 0.0000, 0.0000, 0.0000,
         0.0000],
        [0.8896, 0.9127, 0.0000, 0.0000, 0.0000, 0.0000, 0.0000, 0.0000, 0.0000,
         0.0000],
        [0.8327, 0.8883, 0.9102, 0.0000, 0.0000, 0.0000, 0.0000, 0.0000, 0.0000,
         0.0000],
        [0.8132, 0.8420, 0.8947, 0.9165, 0.0000, 0.0000, 0.0000, 0.0000, 0.0000,
         0.0000],
        [0.7333, 0.7866, 0.8789, 0.8974, 0.9189, 0.0000, 0.0000, 0.0000, 0.0000,
         0.0000],
        [0.6504, 0.7494, 0.8249, 0.8616, 0.8910, 0.9124, 0.0000, 0.0000, 0.0000,
         0.0000],
        [0.6995, 0.6849, 0.7239, 0.8002, 0.8569, 0.9022, 0.9158, 0.0000, 0.0000,
         0.0000],
        [0.6892, 0.5920, 0.7170, 0.8014, 0.8386, 0.8796, 0.8795, 0.9213, 0.0000,
         0.0000],
        [0.5713, 0.5034, 0.5909, 0.7188, 0.7466, 0.8383, 0.7987, 0.8925, 0.9150,
         0.0000],
        [0.5165, 0.3795, 0.5782, 0.6746, 0.6852, 0.8065, 0.8371, 0.8558, 0.8914,
         0.9185]])
final average accuracy:  tensor(0.7143)
total average accuracy:  tensor(0.7914)
final forget:  tensor(0.2223)
total forget:  tensor(0.1480)
