tensor([[0.9068, 0.0000, 0.0000, 0.0000, 0.0000, 0.0000, 0.0000, 0.0000, 0.0000,
         0.0000],
        [0.8758, 0.9178, 0.0000, 0.0000, 0.0000, 0.0000, 0.0000, 0.0000, 0.0000,
         0.0000],
        [0.8611, 0.8928, 0.9048, 0.0000, 0.0000, 0.0000, 0.0000, 0.0000, 0.0000,
         0.0000],
        [0.8229, 0.8475, 0.8806, 0.9150, 0.0000, 0.0000, 0.0000, 0.0000, 0.0000,
         0.0000],
        [0.7675, 0.7611, 0.8697, 0.9005, 0.9170, 0.0000, 0.0000, 0.0000, 0.0000,
         0.0000],
        [0.7790, 0.6556, 0.8180, 0.8650, 0.8906, 0.9202, 0.0000, 0.0000, 0.0000,
         0.0000],
        [0.7017, 0.6499, 0.7348, 0.8347, 0.8114, 0.8723, 0.9248, 0.0000, 0.0000,
         0.0000],
        [0.6864, 0.5898, 0.6238, 0.7937, 0.7811, 0.7840, 0.8683, 0.9265, 0.0000,
         0.0000],
        [0.6531, 0.4452, 0.5105, 0.7525, 0.7462, 0.7715, 0.8527, 0.9076, 0.9187,
         0.0000],
        [0.6117, 0.3888, 0.4405, 0.6200, 0.6131, 0.7381, 0.7895, 0.8502, 0.8700,
         0.9299]])
final average accuracy:  tensor(0.6852)
total average accuracy:  tensor(0.7811)
final forget:  tensor(0.2589)
total forget:  tensor(0.1635)
