tensor([[0.9085, 0.0000, 0.0000, 0.0000, 0.0000, 0.0000, 0.0000, 0.0000, 0.0000,
         0.0000],
        [0.8773, 0.9173, 0.0000, 0.0000, 0.0000, 0.0000, 0.0000, 0.0000, 0.0000,
         0.0000],
        [0.7574, 0.8803, 0.9200, 0.0000, 0.0000, 0.0000, 0.0000, 0.0000, 0.0000,
         0.0000],
        [0.7474, 0.8425, 0.9014, 0.9252, 0.0000, 0.0000, 0.0000, 0.0000, 0.0000,
         0.0000],
        [0.6442, 0.8173, 0.8291, 0.8745, 0.9230, 0.0000, 0.0000, 0.0000, 0.0000,
         0.0000],
        [0.6295, 0.6113, 0.7678, 0.7971, 0.8668, 0.9258, 0.0000, 0.0000, 0.0000,
         0.0000],
        [0.7285, 0.5766, 0.6701, 0.7613, 0.8219, 0.8184, 0.9253, 0.0000, 0.0000,
         0.0000],
        [0.6675, 0.5530, 0.6857, 0.7271, 0.7232, 0.7037, 0.8995, 0.9262, 0.0000,
         0.0000],
        [0.6410, 0.5473, 0.6662, 0.6498, 0.6961, 0.6432, 0.8747, 0.9086, 0.9377,
         0.0000],
        [0.6717, 0.4493, 0.6192, 0.6208, 0.7017, 0.5545, 0.8503, 0.8875, 0.9151,
         0.9154]])
final average accuracy:  tensor(0.7185)
total average accuracy:  tensor(0.7691)
final forget:  tensor(0.2265)
total forget:  tensor(0.1847)
