tensor([[0.8869, 0.0000, 0.0000, 0.0000, 0.0000, 0.0000, 0.0000, 0.0000, 0.0000,
         0.0000],
        [0.8357, 0.9255, 0.0000, 0.0000, 0.0000, 0.0000, 0.0000, 0.0000, 0.0000,
         0.0000],
        [0.8226, 0.9098, 0.9187, 0.0000, 0.0000, 0.0000, 0.0000, 0.0000, 0.0000,
         0.0000],
        [0.7612, 0.7570, 0.8907, 0.9206, 0.0000, 0.0000, 0.0000, 0.0000, 0.0000,
         0.0000],
        [0.7087, 0.7116, 0.8446, 0.8590, 0.9264, 0.0000, 0.0000, 0.0000, 0.0000,
         0.0000],
        [0.6854, 0.7180, 0.8083, 0.7861, 0.8850, 0.9367, 0.0000, 0.0000, 0.0000,
         0.0000],
        [0.6442, 0.6414, 0.6981, 0.7548, 0.7514, 0.8945, 0.9188, 0.0000, 0.0000,
         0.0000],
        [0.6431, 0.6122, 0.5973, 0.7388, 0.5990, 0.8648, 0.8651, 0.9216, 0.0000,
         0.0000],
        [0.6290, 0.5448, 0.6196, 0.6948, 0.8189, 0.7581, 0.8374, 0.8563, 0.9271,
         0.0000],
        [0.5605, 0.4717, 0.5585, 0.5763, 0.7289, 0.6182, 0.7747, 0.7487, 0.8907,
         0.9301]])
final average accuracy:  tensor(0.6858)
total average accuracy:  tensor(0.7671)
final forget:  tensor(0.2616)
total forget:  tensor(0.1838)
