tensor([[0.9068, 0.0000, 0.0000, 0.0000, 0.0000, 0.0000, 0.0000, 0.0000, 0.0000,
         0.0000],
        [0.8616, 0.9119, 0.0000, 0.0000, 0.0000, 0.0000, 0.0000, 0.0000, 0.0000,
         0.0000],
        [0.7604, 0.8906, 0.9233, 0.0000, 0.0000, 0.0000, 0.0000, 0.0000, 0.0000,
         0.0000],
        [0.6943, 0.7866, 0.9118, 0.9265, 0.0000, 0.0000, 0.0000, 0.0000, 0.0000,
         0.0000],
        [0.6850, 0.7476, 0.8518, 0.8782, 0.9141, 0.0000, 0.0000, 0.0000, 0.0000,
         0.0000],
        [0.6438, 0.7364, 0.8335, 0.8699, 0.9055, 0.9280, 0.0000, 0.0000, 0.0000,
         0.0000],
        [0.6313, 0.6854, 0.8093, 0.8133, 0.8912, 0.9052, 0.9236, 0.0000, 0.0000,
         0.0000],
        [0.5942, 0.5349, 0.6597, 0.7453, 0.8618, 0.8710, 0.8721, 0.9277, 0.0000,
         0.0000],
        [0.5401, 0.5626, 0.5670, 0.6544, 0.7885, 0.7702, 0.7966, 0.9117, 0.9278,
         0.0000],
        [0.5495, 0.5498, 0.4351, 0.6161, 0.6874, 0.6734, 0.7426, 0.8936, 0.8604,
         0.9265]])
final average accuracy:  tensor(0.6934)
total average accuracy:  tensor(0.7772)
final forget:  tensor(0.2535)
total forget:  tensor(0.1730)
