tensor([[0.8885, 0.0000, 0.0000, 0.0000, 0.0000, 0.0000, 0.0000, 0.0000, 0.0000,
         0.0000],
        [0.8690, 0.8970, 0.0000, 0.0000, 0.0000, 0.0000, 0.0000, 0.0000, 0.0000,
         0.0000],
        [0.8427, 0.8884, 0.8990, 0.0000, 0.0000, 0.0000, 0.0000, 0.0000, 0.0000,
         0.0000],
        [0.8129, 0.8550, 0.8768, 0.8970, 0.0000, 0.0000, 0.0000, 0.0000, 0.0000,
         0.0000],
        [0.8122, 0.8004, 0.8590, 0.8754, 0.9018, 0.0000, 0.0000, 0.0000, 0.0000,
         0.0000],
        [0.8082, 0.7434, 0.8351, 0.8168, 0.8750, 0.8993, 0.0000, 0.0000, 0.0000,
         0.0000],
        [0.7846, 0.7393, 0.8019, 0.8192, 0.8474, 0.8897, 0.8983, 0.0000, 0.0000,
         0.0000],
        [0.7009, 0.7120, 0.7705, 0.7870, 0.7730, 0.8288, 0.8780, 0.8958, 0.0000,
         0.0000],
        [0.6454, 0.6782, 0.7177, 0.7127, 0.7451, 0.7506, 0.8606, 0.8747, 0.9027,
         0.0000],
        [0.6132, 0.6109, 0.7616, 0.7324, 0.7244, 0.6908, 0.8125, 0.8478, 0.8834,
         0.9031]])
final average accuracy:  tensor(0.7580)
total average accuracy:  tensor(0.8099)
final forget:  tensor(0.1558)
total forget:  tensor(0.1062)
