tensor([[0.8943, 0.0000, 0.0000, 0.0000, 0.0000, 0.0000, 0.0000, 0.0000, 0.0000,
         0.0000],
        [0.8608, 0.9223, 0.0000, 0.0000, 0.0000, 0.0000, 0.0000, 0.0000, 0.0000,
         0.0000],
        [0.8529, 0.9054, 0.9281, 0.0000, 0.0000, 0.0000, 0.0000, 0.0000, 0.0000,
         0.0000],
        [0.8030, 0.8335, 0.8565, 0.9256, 0.0000, 0.0000, 0.0000, 0.0000, 0.0000,
         0.0000],
        [0.7391, 0.8425, 0.8305, 0.9050, 0.9236, 0.0000, 0.0000, 0.0000, 0.0000,
         0.0000],
        [0.7030, 0.7531, 0.7486, 0.8714, 0.9013, 0.9193, 0.0000, 0.0000, 0.0000,
         0.0000],
        [0.6133, 0.7420, 0.7387, 0.8182, 0.8750, 0.8832, 0.9262, 0.0000, 0.0000,
         0.0000],
        [0.5435, 0.7254, 0.6484, 0.7448, 0.8282, 0.8329, 0.8876, 0.9254, 0.0000,
         0.0000],
        [0.4694, 0.6320, 0.5955, 0.6897, 0.8202, 0.7784, 0.8380, 0.9023, 0.9274,
         0.0000],
        [0.4396, 0.5287, 0.5464, 0.5954, 0.7748, 0.6785, 0.7974, 0.8623, 0.8758,
         0.9279]])
final average accuracy:  tensor(0.7027)
total average accuracy:  tensor(0.7879)
final forget:  tensor(0.2437)
total forget:  tensor(0.1604)
