tensor([[0.9113, 0.0000, 0.0000, 0.0000, 0.0000, 0.0000, 0.0000, 0.0000, 0.0000,
         0.0000],
        [0.8615, 0.9243, 0.0000, 0.0000, 0.0000, 0.0000, 0.0000, 0.0000, 0.0000,
         0.0000],
        [0.8658, 0.8926, 0.9115, 0.0000, 0.0000, 0.0000, 0.0000, 0.0000, 0.0000,
         0.0000],
        [0.8324, 0.8690, 0.8875, 0.9235, 0.0000, 0.0000, 0.0000, 0.0000, 0.0000,
         0.0000],
        [0.7695, 0.8111, 0.8014, 0.9112, 0.9301, 0.0000, 0.0000, 0.0000, 0.0000,
         0.0000],
        [0.7106, 0.7514, 0.7899, 0.8487, 0.8945, 0.9235, 0.0000, 0.0000, 0.0000,
         0.0000],
        [0.5842, 0.6748, 0.6765, 0.7242, 0.8147, 0.8485, 0.9207, 0.0000, 0.0000,
         0.0000],
        [0.6444, 0.6191, 0.6739, 0.6907, 0.7552, 0.7874, 0.8287, 0.9289, 0.0000,
         0.0000],
        [0.5532, 0.5722, 0.5926, 0.6585, 0.6733, 0.6688, 0.7984, 0.9000, 0.9202,
         0.0000],
        [0.5816, 0.5429, 0.4986, 0.5892, 0.6634, 0.7435, 0.8051, 0.8284, 0.8957,
         0.9249]])
final average accuracy:  tensor(0.7073)
total average accuracy:  tensor(0.7746)
final forget:  tensor(0.2384)
total forget:  tensor(0.1782)
