tensor([[0.9113, 0.0000, 0.0000, 0.0000, 0.0000, 0.0000, 0.0000, 0.0000, 0.0000,
         0.0000],
        [0.8663, 0.9244, 0.0000, 0.0000, 0.0000, 0.0000, 0.0000, 0.0000, 0.0000,
         0.0000],
        [0.7928, 0.8539, 0.9006, 0.0000, 0.0000, 0.0000, 0.0000, 0.0000, 0.0000,
         0.0000],
        [0.8429, 0.8249, 0.9137, 0.9314, 0.0000, 0.0000, 0.0000, 0.0000, 0.0000,
         0.0000],
        [0.8025, 0.6940, 0.8626, 0.8876, 0.9360, 0.0000, 0.0000, 0.0000, 0.0000,
         0.0000],
        [0.7269, 0.5903, 0.6219, 0.7865, 0.9071, 0.9284, 0.0000, 0.0000, 0.0000,
         0.0000],
        [0.7237, 0.6893, 0.6938, 0.7580, 0.8317, 0.9164, 0.9272, 0.0000, 0.0000,
         0.0000],
        [0.7043, 0.6353, 0.6905, 0.7587, 0.7588, 0.8942, 0.8957, 0.9379, 0.0000,
         0.0000],
        [0.7117, 0.5840, 0.7060, 0.6759, 0.7153, 0.8451, 0.8674, 0.9170, 0.9336,
         0.0000],
        [0.5974, 0.6304, 0.6321, 0.6398, 0.5948, 0.7930, 0.6542, 0.8135, 0.8817,
         0.9324]])
final average accuracy:  tensor(0.7169)
total average accuracy:  tensor(0.7899)
final forget:  tensor(0.2327)
total forget:  tensor(0.1626)
