tensor([[0.9113, 0.0000, 0.0000, 0.0000, 0.0000, 0.0000, 0.0000, 0.0000, 0.0000,
         0.0000],
        [0.8872, 0.9267, 0.0000, 0.0000, 0.0000, 0.0000, 0.0000, 0.0000, 0.0000,
         0.0000],
        [0.8388, 0.8790, 0.9250, 0.0000, 0.0000, 0.0000, 0.0000, 0.0000, 0.0000,
         0.0000],
        [0.8220, 0.8763, 0.9084, 0.9193, 0.0000, 0.0000, 0.0000, 0.0000, 0.0000,
         0.0000],
        [0.7766, 0.8367, 0.8652, 0.8245, 0.9326, 0.0000, 0.0000, 0.0000, 0.0000,
         0.0000],
        [0.7382, 0.7071, 0.8234, 0.7973, 0.8642, 0.9319, 0.0000, 0.0000, 0.0000,
         0.0000],
        [0.6353, 0.5990, 0.7882, 0.7297, 0.8235, 0.9093, 0.9205, 0.0000, 0.0000,
         0.0000],
        [0.4729, 0.5892, 0.7306, 0.6614, 0.7563, 0.8073, 0.8901, 0.9336, 0.0000,
         0.0000],
        [0.4954, 0.5852, 0.6581, 0.5989, 0.7149, 0.7532, 0.8031, 0.8977, 0.9315,
         0.0000],
        [0.4278, 0.5735, 0.7037, 0.5576, 0.6684, 0.7094, 0.7511, 0.7924, 0.8905,
         0.9294]])
final average accuracy:  tensor(0.7004)
total average accuracy:  tensor(0.7760)
final forget:  tensor(0.2509)
total forget:  tensor(0.1809)
