tensor([[0.9088, 0.0000, 0.0000, 0.0000, 0.0000, 0.0000, 0.0000, 0.0000, 0.0000,
         0.0000],
        [0.8892, 0.9184, 0.0000, 0.0000, 0.0000, 0.0000, 0.0000, 0.0000, 0.0000,
         0.0000],
        [0.8759, 0.8993, 0.9181, 0.0000, 0.0000, 0.0000, 0.0000, 0.0000, 0.0000,
         0.0000],
        [0.8489, 0.8815, 0.8916, 0.9259, 0.0000, 0.0000, 0.0000, 0.0000, 0.0000,
         0.0000],
        [0.7808, 0.8370, 0.8462, 0.8978, 0.9208, 0.0000, 0.0000, 0.0000, 0.0000,
         0.0000],
        [0.7461, 0.7845, 0.7760, 0.8397, 0.8916, 0.9233, 0.0000, 0.0000, 0.0000,
         0.0000],
        [0.7392, 0.7525, 0.7392, 0.7446, 0.8582, 0.8701, 0.9305, 0.0000, 0.0000,
         0.0000],
        [0.7119, 0.6331, 0.7087, 0.6831, 0.7783, 0.8656, 0.9107, 0.9286, 0.0000,
         0.0000],
        [0.6604, 0.4295, 0.5863, 0.6008, 0.6808, 0.7276, 0.8667, 0.8677, 0.9262,
         0.0000],
        [0.5745, 0.3958, 0.5338, 0.5156, 0.6124, 0.7212, 0.7543, 0.8067, 0.9037,
         0.9240]])
final average accuracy:  tensor(0.6742)
total average accuracy:  tensor(0.7844)
final forget:  tensor(0.2758)
total forget:  tensor(0.1658)
