tensor([[0.9072, 0.0000, 0.0000, 0.0000, 0.0000, 0.0000, 0.0000, 0.0000, 0.0000,
         0.0000],
        [0.8963, 0.9271, 0.0000, 0.0000, 0.0000, 0.0000, 0.0000, 0.0000, 0.0000,
         0.0000],
        [0.8673, 0.8782, 0.9210, 0.0000, 0.0000, 0.0000, 0.0000, 0.0000, 0.0000,
         0.0000],
        [0.7651, 0.7929, 0.8851, 0.9248, 0.0000, 0.0000, 0.0000, 0.0000, 0.0000,
         0.0000],
        [0.6646, 0.6910, 0.8095, 0.8772, 0.9117, 0.0000, 0.0000, 0.0000, 0.0000,
         0.0000],
        [0.6358, 0.6816, 0.7282, 0.8598, 0.8930, 0.9293, 0.0000, 0.0000, 0.0000,
         0.0000],
        [0.5065, 0.5953, 0.7268, 0.7463, 0.7117, 0.8451, 0.9277, 0.0000, 0.0000,
         0.0000],
        [0.5279, 0.5460, 0.7271, 0.6569, 0.7872, 0.8285, 0.8819, 0.9305, 0.0000,
         0.0000],
        [0.4728, 0.5194, 0.6297, 0.5959, 0.6327, 0.7748, 0.7782, 0.8974, 0.9220,
         0.0000],
        [0.4359, 0.5643, 0.4277, 0.5079, 0.6026, 0.7370, 0.7603, 0.8616, 0.8614,
         0.9348]])
final average accuracy:  tensor(0.6694)
total average accuracy:  tensor(0.7511)
final forget:  tensor(0.2825)
total forget:  tensor(0.2077)
