tensor([[0.9075, 0.0000, 0.0000, 0.0000, 0.0000, 0.0000, 0.0000, 0.0000, 0.0000,
         0.0000],
        [0.8701, 0.9266, 0.0000, 0.0000, 0.0000, 0.0000, 0.0000, 0.0000, 0.0000,
         0.0000],
        [0.7000, 0.8950, 0.9283, 0.0000, 0.0000, 0.0000, 0.0000, 0.0000, 0.0000,
         0.0000],
        [0.7380, 0.8690, 0.8975, 0.9307, 0.0000, 0.0000, 0.0000, 0.0000, 0.0000,
         0.0000],
        [0.6007, 0.8570, 0.8323, 0.8918, 0.9185, 0.0000, 0.0000, 0.0000, 0.0000,
         0.0000],
        [0.6093, 0.8589, 0.7710, 0.8813, 0.9026, 0.9280, 0.0000, 0.0000, 0.0000,
         0.0000],
        [0.6137, 0.8025, 0.6750, 0.8069, 0.8372, 0.8988, 0.9338, 0.0000, 0.0000,
         0.0000],
        [0.5993, 0.7343, 0.7005, 0.7905, 0.7811, 0.8571, 0.8845, 0.9321, 0.0000,
         0.0000],
        [0.5764, 0.7293, 0.6697, 0.7602, 0.7372, 0.8305, 0.8338, 0.8703, 0.9348,
         0.0000],
        [0.5176, 0.6398, 0.6113, 0.5613, 0.7421, 0.7324, 0.7754, 0.6585, 0.8453,
         0.8960]])
final average accuracy:  tensor(0.6980)
total average accuracy:  tensor(0.7906)
final forget:  tensor(0.2507)
total forget:  tensor(0.1627)
