tensor([[0.9066, 0.0000, 0.0000, 0.0000, 0.0000, 0.0000, 0.0000, 0.0000, 0.0000,
         0.0000],
        [0.8876, 0.9104, 0.0000, 0.0000, 0.0000, 0.0000, 0.0000, 0.0000, 0.0000,
         0.0000],
        [0.8127, 0.8862, 0.9174, 0.0000, 0.0000, 0.0000, 0.0000, 0.0000, 0.0000,
         0.0000],
        [0.7657, 0.7913, 0.8934, 0.9184, 0.0000, 0.0000, 0.0000, 0.0000, 0.0000,
         0.0000],
        [0.6925, 0.7243, 0.8224, 0.8821, 0.9206, 0.0000, 0.0000, 0.0000, 0.0000,
         0.0000],
        [0.5781, 0.6801, 0.7804, 0.7995, 0.8862, 0.9214, 0.0000, 0.0000, 0.0000,
         0.0000],
        [0.6250, 0.5824, 0.7912, 0.7846, 0.8710, 0.8919, 0.9194, 0.0000, 0.0000,
         0.0000],
        [0.6869, 0.6212, 0.7402, 0.7569, 0.8160, 0.8554, 0.9008, 0.9244, 0.0000,
         0.0000],
        [0.5647, 0.4970, 0.5603, 0.6022, 0.6155, 0.7967, 0.8494, 0.8866, 0.9228,
         0.0000],
        [0.5996, 0.4963, 0.4627, 0.6032, 0.6382, 0.6905, 0.8297, 0.8604, 0.8967,
         0.9237]])
final average accuracy:  tensor(0.7001)
total average accuracy:  tensor(0.7717)
final forget:  tensor(0.2427)
total forget:  tensor(0.1764)
