tensor([[0.8858, 0.0000, 0.0000, 0.0000, 0.0000, 0.0000, 0.0000, 0.0000, 0.0000,
         0.0000],
        [0.8693, 0.8991, 0.0000, 0.0000, 0.0000, 0.0000, 0.0000, 0.0000, 0.0000,
         0.0000],
        [0.8369, 0.8847, 0.9028, 0.0000, 0.0000, 0.0000, 0.0000, 0.0000, 0.0000,
         0.0000],
        [0.8063, 0.8391, 0.8817, 0.9049, 0.0000, 0.0000, 0.0000, 0.0000, 0.0000,
         0.0000],
        [0.7668, 0.8063, 0.8745, 0.8782, 0.9050, 0.0000, 0.0000, 0.0000, 0.0000,
         0.0000],
        [0.7183, 0.8074, 0.8523, 0.8208, 0.8707, 0.9072, 0.0000, 0.0000, 0.0000,
         0.0000],
        [0.7012, 0.7857, 0.8355, 0.7657, 0.8556, 0.8770, 0.9030, 0.0000, 0.0000,
         0.0000],
        [0.6603, 0.6641, 0.7680, 0.7334, 0.8164, 0.8140, 0.8814, 0.9011, 0.0000,
         0.0000],
        [0.6013, 0.5369, 0.6466, 0.6475, 0.7035, 0.7457, 0.8508, 0.8732, 0.9078,
         0.0000],
        [0.5641, 0.4247, 0.6002, 0.5277, 0.5803, 0.7410, 0.8157, 0.8532, 0.8785,
         0.9058]])
final average accuracy:  tensor(0.6891)
total average accuracy:  tensor(0.7870)
final forget:  tensor(0.2368)
total forget:  tensor(0.1383)
