tensor([[0.9143, 0.0000, 0.0000, 0.0000, 0.0000, 0.0000, 0.0000, 0.0000, 0.0000,
         0.0000],
        [0.8842, 0.9235, 0.0000, 0.0000, 0.0000, 0.0000, 0.0000, 0.0000, 0.0000,
         0.0000],
        [0.8283, 0.8775, 0.9233, 0.0000, 0.0000, 0.0000, 0.0000, 0.0000, 0.0000,
         0.0000],
        [0.7363, 0.8292, 0.9012, 0.9244, 0.0000, 0.0000, 0.0000, 0.0000, 0.0000,
         0.0000],
        [0.7085, 0.8132, 0.8487, 0.8896, 0.9269, 0.0000, 0.0000, 0.0000, 0.0000,
         0.0000],
        [0.6256, 0.7622, 0.7888, 0.8387, 0.8905, 0.9263, 0.0000, 0.0000, 0.0000,
         0.0000],
        [0.6033, 0.7426, 0.7667, 0.8414, 0.8716, 0.8981, 0.9262, 0.0000, 0.0000,
         0.0000],
        [0.5530, 0.6980, 0.7280, 0.7966, 0.7521, 0.8427, 0.9025, 0.9238, 0.0000,
         0.0000],
        [0.4946, 0.5545, 0.6555, 0.6959, 0.7116, 0.7768, 0.7996, 0.9046, 0.9284,
         0.0000],
        [0.4952, 0.5076, 0.6004, 0.5627, 0.6452, 0.6655, 0.7911, 0.8600, 0.8963,
         0.9258]])
final average accuracy:  tensor(0.6950)
total average accuracy:  tensor(0.7833)
final forget:  tensor(0.2548)
total forget:  tensor(0.1708)
