tensor([[0.9127, 0.0000, 0.0000, 0.0000, 0.0000, 0.0000, 0.0000, 0.0000, 0.0000,
         0.0000],
        [0.8914, 0.9176, 0.0000, 0.0000, 0.0000, 0.0000, 0.0000, 0.0000, 0.0000,
         0.0000],
        [0.8423, 0.8921, 0.9192, 0.0000, 0.0000, 0.0000, 0.0000, 0.0000, 0.0000,
         0.0000],
        [0.8051, 0.8716, 0.8951, 0.9221, 0.0000, 0.0000, 0.0000, 0.0000, 0.0000,
         0.0000],
        [0.7867, 0.8066, 0.8052, 0.8855, 0.9186, 0.0000, 0.0000, 0.0000, 0.0000,
         0.0000],
        [0.7365, 0.7764, 0.7205, 0.8791, 0.8949, 0.9270, 0.0000, 0.0000, 0.0000,
         0.0000],
        [0.6833, 0.6692, 0.5743, 0.7913, 0.8502, 0.8961, 0.9209, 0.0000, 0.0000,
         0.0000],
        [0.6184, 0.6190, 0.4765, 0.6739, 0.8038, 0.8505, 0.8757, 0.9285, 0.0000,
         0.0000],
        [0.5993, 0.5508, 0.4655, 0.6433, 0.8066, 0.8195, 0.8463, 0.9017, 0.9212,
         0.0000],
        [0.5833, 0.5012, 0.4503, 0.5692, 0.6869, 0.7820, 0.8235, 0.8562, 0.8990,
         0.9287]])
final average accuracy:  tensor(0.7080)
total average accuracy:  tensor(0.7795)
final forget:  tensor(0.2374)
total forget:  tensor(0.1713)
