tensor([[0.9151, 0.0000, 0.0000, 0.0000, 0.0000, 0.0000, 0.0000, 0.0000, 0.0000,
         0.0000],
        [0.8689, 0.9151, 0.0000, 0.0000, 0.0000, 0.0000, 0.0000, 0.0000, 0.0000,
         0.0000],
        [0.8280, 0.8744, 0.9197, 0.0000, 0.0000, 0.0000, 0.0000, 0.0000, 0.0000,
         0.0000],
        [0.7927, 0.8406, 0.9036, 0.9260, 0.0000, 0.0000, 0.0000, 0.0000, 0.0000,
         0.0000],
        [0.6368, 0.7133, 0.8775, 0.8930, 0.9150, 0.0000, 0.0000, 0.0000, 0.0000,
         0.0000],
        [0.6675, 0.7058, 0.8599, 0.8617, 0.9160, 0.9276, 0.0000, 0.0000, 0.0000,
         0.0000],
        [0.6287, 0.6731, 0.8118, 0.8636, 0.8733, 0.9075, 0.9306, 0.0000, 0.0000,
         0.0000],
        [0.5367, 0.5666, 0.7438, 0.7296, 0.8279, 0.8412, 0.9039, 0.9321, 0.0000,
         0.0000],
        [0.5928, 0.6611, 0.7648, 0.7276, 0.7645, 0.7986, 0.8788, 0.8430, 0.9258,
         0.0000],
        [0.4858, 0.6309, 0.6956, 0.6073, 0.6764, 0.7849, 0.8318, 0.8480, 0.8938,
         0.9290]])
final average accuracy:  tensor(0.7383)
total average accuracy:  tensor(0.7976)
final forget:  tensor(0.2058)
total forget:  tensor(0.1508)
