tensor([[0.8974, 0.0000, 0.0000, 0.0000, 0.0000, 0.0000, 0.0000, 0.0000, 0.0000,
         0.0000],
        [0.8638, 0.9022, 0.0000, 0.0000, 0.0000, 0.0000, 0.0000, 0.0000, 0.0000,
         0.0000],
        [0.8472, 0.8852, 0.9056, 0.0000, 0.0000, 0.0000, 0.0000, 0.0000, 0.0000,
         0.0000],
        [0.8183, 0.8458, 0.8799, 0.9059, 0.0000, 0.0000, 0.0000, 0.0000, 0.0000,
         0.0000],
        [0.8109, 0.7991, 0.8574, 0.8838, 0.9091, 0.0000, 0.0000, 0.0000, 0.0000,
         0.0000],
        [0.7434, 0.7536, 0.8533, 0.8708, 0.8863, 0.9097, 0.0000, 0.0000, 0.0000,
         0.0000],
        [0.7026, 0.6474, 0.7848, 0.8004, 0.8440, 0.8885, 0.9074, 0.0000, 0.0000,
         0.0000],
        [0.5563, 0.5764, 0.7510, 0.7557, 0.7840, 0.8549, 0.8338, 0.9134, 0.0000,
         0.0000],
        [0.5547, 0.5623, 0.7077, 0.7107, 0.7100, 0.8352, 0.8192, 0.8791, 0.9091,
         0.0000],
        [0.5389, 0.5094, 0.7334, 0.6782, 0.6845, 0.8122, 0.7340, 0.8511, 0.8959,
         0.9089]])
final average accuracy:  tensor(0.7346)
total average accuracy:  tensor(0.7939)
final forget:  tensor(0.1914)
total forget:  tensor(0.1359)
