tensor([[0.9047, 0.0000, 0.0000, 0.0000, 0.0000, 0.0000, 0.0000, 0.0000, 0.0000,
         0.0000],
        [0.8819, 0.9168, 0.0000, 0.0000, 0.0000, 0.0000, 0.0000, 0.0000, 0.0000,
         0.0000],
        [0.8590, 0.8744, 0.9149, 0.0000, 0.0000, 0.0000, 0.0000, 0.0000, 0.0000,
         0.0000],
        [0.8143, 0.8410, 0.8888, 0.9177, 0.0000, 0.0000, 0.0000, 0.0000, 0.0000,
         0.0000],
        [0.8082, 0.8155, 0.8641, 0.8762, 0.9156, 0.0000, 0.0000, 0.0000, 0.0000,
         0.0000],
        [0.7732, 0.7696, 0.8068, 0.8276, 0.8673, 0.9156, 0.0000, 0.0000, 0.0000,
         0.0000],
        [0.7021, 0.7096, 0.7659, 0.7958, 0.8528, 0.8879, 0.8800, 0.0000, 0.0000,
         0.0000],
        [0.6657, 0.6331, 0.6807, 0.8000, 0.7413, 0.8535, 0.8946, 0.9255, 0.0000,
         0.0000],
        [0.6848, 0.5047, 0.5886, 0.6998, 0.6742, 0.7900, 0.8371, 0.8845, 0.9299,
         0.0000],
        [0.6638, 0.5146, 0.5435, 0.6474, 0.6774, 0.7322, 0.8283, 0.8963, 0.9065,
         0.9244]])
final average accuracy:  tensor(0.7334)
total average accuracy:  tensor(0.7958)
final forget:  tensor(0.2012)
total forget:  tensor(0.1434)
