tensor([[0.9042, 0.0000, 0.0000, 0.0000, 0.0000, 0.0000, 0.0000, 0.0000, 0.0000,
         0.0000],
        [0.8789, 0.9122, 0.0000, 0.0000, 0.0000, 0.0000, 0.0000, 0.0000, 0.0000,
         0.0000],
        [0.8335, 0.8781, 0.9116, 0.0000, 0.0000, 0.0000, 0.0000, 0.0000, 0.0000,
         0.0000],
        [0.7620, 0.8575, 0.8721, 0.9148, 0.0000, 0.0000, 0.0000, 0.0000, 0.0000,
         0.0000],
        [0.6199, 0.8112, 0.8343, 0.8743, 0.9238, 0.0000, 0.0000, 0.0000, 0.0000,
         0.0000],
        [0.5333, 0.6461, 0.7824, 0.8108, 0.8682, 0.9171, 0.0000, 0.0000, 0.0000,
         0.0000],
        [0.4339, 0.5310, 0.7349, 0.7362, 0.8529, 0.8946, 0.9163, 0.0000, 0.0000,
         0.0000],
        [0.4422, 0.5978, 0.6268, 0.6798, 0.8034, 0.8589, 0.9088, 0.9098, 0.0000,
         0.0000],
        [0.4127, 0.4797, 0.5394, 0.6787, 0.7154, 0.8317, 0.8669, 0.8880, 0.9190,
         0.0000],
        [0.4182, 0.4798, 0.5102, 0.6560, 0.7249, 0.7564, 0.8383, 0.8617, 0.8836,
         0.9167]])
final average accuracy:  tensor(0.7046)
total average accuracy:  tensor(0.7573)
final forget:  tensor(0.2333)
total forget:  tensor(0.1906)
