tensor([[0.9110, 0.0000, 0.0000, 0.0000, 0.0000, 0.0000, 0.0000, 0.0000, 0.0000,
         0.0000],
        [0.8867, 0.9223, 0.0000, 0.0000, 0.0000, 0.0000, 0.0000, 0.0000, 0.0000,
         0.0000],
        [0.8442, 0.9029, 0.9220, 0.0000, 0.0000, 0.0000, 0.0000, 0.0000, 0.0000,
         0.0000],
        [0.8221, 0.8330, 0.8839, 0.9238, 0.0000, 0.0000, 0.0000, 0.0000, 0.0000,
         0.0000],
        [0.7890, 0.7052, 0.7931, 0.8944, 0.9278, 0.0000, 0.0000, 0.0000, 0.0000,
         0.0000],
        [0.7449, 0.7110, 0.7488, 0.8493, 0.8977, 0.9302, 0.0000, 0.0000, 0.0000,
         0.0000],
        [0.6993, 0.7327, 0.6864, 0.8166, 0.8482, 0.8776, 0.9249, 0.0000, 0.0000,
         0.0000],
        [0.5623, 0.5757, 0.6623, 0.6836, 0.7200, 0.8327, 0.8852, 0.9180, 0.0000,
         0.0000],
        [0.5169, 0.5960, 0.7306, 0.6708, 0.7590, 0.7594, 0.8692, 0.8333, 0.9328,
         0.0000],
        [0.5428, 0.6131, 0.6768, 0.6935, 0.7076, 0.6912, 0.6951, 0.7283, 0.8830,
         0.9316]])
final average accuracy:  tensor(0.7163)
total average accuracy:  tensor(0.7836)
final forget:  tensor(0.2313)
total forget:  tensor(0.1694)
