tensor([[0.9143, 0.0000, 0.0000, 0.0000, 0.0000, 0.0000, 0.0000, 0.0000, 0.0000,
         0.0000],
        [0.8935, 0.9237, 0.0000, 0.0000, 0.0000, 0.0000, 0.0000, 0.0000, 0.0000,
         0.0000],
        [0.8275, 0.8781, 0.9337, 0.0000, 0.0000, 0.0000, 0.0000, 0.0000, 0.0000,
         0.0000],
        [0.7257, 0.8115, 0.7892, 0.9301, 0.0000, 0.0000, 0.0000, 0.0000, 0.0000,
         0.0000],
        [0.6741, 0.7350, 0.7699, 0.8824, 0.9213, 0.0000, 0.0000, 0.0000, 0.0000,
         0.0000],
        [0.6337, 0.7042, 0.6875, 0.7891, 0.9019, 0.9350, 0.0000, 0.0000, 0.0000,
         0.0000],
        [0.6268, 0.6027, 0.6926, 0.6936, 0.8719, 0.8966, 0.9299, 0.0000, 0.0000,
         0.0000],
        [0.4182, 0.6165, 0.6811, 0.6109, 0.7370, 0.7970, 0.8015, 0.9215, 0.0000,
         0.0000],
        [0.5108, 0.6258, 0.6675, 0.6653, 0.7595, 0.7904, 0.7911, 0.8814, 0.9292,
         0.0000],
        [0.5322, 0.6405, 0.5643, 0.5510, 0.6908, 0.7312, 0.6161, 0.8444, 0.8455,
         0.9265]])
final average accuracy:  tensor(0.6942)
total average accuracy:  tensor(0.7586)
final forget:  tensor(0.2581)
total forget:  tensor(0.2041)
