tensor([[0.8895, 0.0000, 0.0000, 0.0000, 0.0000, 0.0000, 0.0000, 0.0000, 0.0000,
         0.0000],
        [0.8659, 0.8967, 0.0000, 0.0000, 0.0000, 0.0000, 0.0000, 0.0000, 0.0000,
         0.0000],
        [0.8566, 0.8835, 0.9004, 0.0000, 0.0000, 0.0000, 0.0000, 0.0000, 0.0000,
         0.0000],
        [0.8036, 0.8698, 0.8876, 0.9020, 0.0000, 0.0000, 0.0000, 0.0000, 0.0000,
         0.0000],
        [0.7615, 0.8269, 0.8463, 0.8627, 0.9064, 0.0000, 0.0000, 0.0000, 0.0000,
         0.0000],
        [0.7320, 0.7788, 0.8243, 0.8428, 0.8861, 0.9055, 0.0000, 0.0000, 0.0000,
         0.0000],
        [0.6717, 0.6976, 0.7688, 0.8293, 0.8517, 0.8600, 0.9092, 0.0000, 0.0000,
         0.0000],
        [0.5723, 0.6803, 0.6963, 0.7669, 0.8061, 0.8301, 0.8569, 0.9070, 0.0000,
         0.0000],
        [0.6440, 0.6204, 0.6383, 0.7221, 0.7354, 0.7835, 0.8371, 0.8667, 0.8998,
         0.0000],
        [0.5960, 0.5975, 0.6234, 0.6508, 0.6871, 0.7385, 0.7913, 0.8571, 0.8910,
         0.9041]])
final average accuracy:  tensor(0.7337)
total average accuracy:  tensor(0.7949)
final forget:  tensor(0.1871)
total forget:  tensor(0.1287)
