tensor([[0.9071, 0.0000, 0.0000, 0.0000, 0.0000, 0.0000, 0.0000, 0.0000, 0.0000,
         0.0000],
        [0.8889, 0.9139, 0.0000, 0.0000, 0.0000, 0.0000, 0.0000, 0.0000, 0.0000,
         0.0000],
        [0.8662, 0.8931, 0.9227, 0.0000, 0.0000, 0.0000, 0.0000, 0.0000, 0.0000,
         0.0000],
        [0.8248, 0.8682, 0.8884, 0.9227, 0.0000, 0.0000, 0.0000, 0.0000, 0.0000,
         0.0000],
        [0.7653, 0.8404, 0.8866, 0.8828, 0.9215, 0.0000, 0.0000, 0.0000, 0.0000,
         0.0000],
        [0.7491, 0.7942, 0.8437, 0.8448, 0.8896, 0.9217, 0.0000, 0.0000, 0.0000,
         0.0000],
        [0.6731, 0.7753, 0.7684, 0.7910, 0.8492, 0.8728, 0.9223, 0.0000, 0.0000,
         0.0000],
        [0.6025, 0.7080, 0.7111, 0.6167, 0.7907, 0.8111, 0.9060, 0.9208, 0.0000,
         0.0000],
        [0.5601, 0.6088, 0.5776, 0.5494, 0.7640, 0.8277, 0.8633, 0.8908, 0.9229,
         0.0000],
        [0.5980, 0.5966, 0.6746, 0.5779, 0.7278, 0.7970, 0.7565, 0.8207, 0.8944,
         0.9181]])
final average accuracy:  tensor(0.7362)
total average accuracy:  tensor(0.7978)
final forget:  tensor(0.2036)
total forget:  tensor(0.1469)
