tensor([[0.9127, 0.0000, 0.0000, 0.0000, 0.0000, 0.0000, 0.0000, 0.0000, 0.0000,
         0.0000],
        [0.9020, 0.9236, 0.0000, 0.0000, 0.0000, 0.0000, 0.0000, 0.0000, 0.0000,
         0.0000],
        [0.8585, 0.8953, 0.9214, 0.0000, 0.0000, 0.0000, 0.0000, 0.0000, 0.0000,
         0.0000],
        [0.7725, 0.8502, 0.8973, 0.9269, 0.0000, 0.0000, 0.0000, 0.0000, 0.0000,
         0.0000],
        [0.6557, 0.7612, 0.8407, 0.9106, 0.9276, 0.0000, 0.0000, 0.0000, 0.0000,
         0.0000],
        [0.6334, 0.7018, 0.8044, 0.8572, 0.8992, 0.9252, 0.0000, 0.0000, 0.0000,
         0.0000],
        [0.6269, 0.6693, 0.7485, 0.7255, 0.8221, 0.7973, 0.9267, 0.0000, 0.0000,
         0.0000],
        [0.6151, 0.5254, 0.7230, 0.6804, 0.7572, 0.8062, 0.8864, 0.9341, 0.0000,
         0.0000],
        [0.6673, 0.4061, 0.6347, 0.6775, 0.7378, 0.7267, 0.8645, 0.8739, 0.9302,
         0.0000],
        [0.6154, 0.4368, 0.5466, 0.6101, 0.6402, 0.6677, 0.8325, 0.8616, 0.9054,
         0.9257]])
final average accuracy:  tensor(0.7042)
total average accuracy:  tensor(0.7742)
final forget:  tensor(0.2458)
total forget:  tensor(0.1823)
