tensor([[0.8989, 0.0000, 0.0000, 0.0000, 0.0000, 0.0000, 0.0000, 0.0000, 0.0000,
         0.0000],
        [0.8767, 0.9184, 0.0000, 0.0000, 0.0000, 0.0000, 0.0000, 0.0000, 0.0000,
         0.0000],
        [0.8290, 0.8957, 0.9295, 0.0000, 0.0000, 0.0000, 0.0000, 0.0000, 0.0000,
         0.0000],
        [0.7876, 0.8577, 0.9031, 0.9280, 0.0000, 0.0000, 0.0000, 0.0000, 0.0000,
         0.0000],
        [0.6831, 0.7764, 0.8060, 0.8901, 0.9251, 0.0000, 0.0000, 0.0000, 0.0000,
         0.0000],
        [0.6054, 0.6776, 0.7920, 0.8314, 0.9017, 0.9317, 0.0000, 0.0000, 0.0000,
         0.0000],
        [0.5710, 0.6742, 0.7691, 0.7788, 0.8649, 0.9054, 0.9291, 0.0000, 0.0000,
         0.0000],
        [0.5207, 0.5857, 0.5707, 0.7041, 0.8050, 0.7742, 0.8643, 0.9270, 0.0000,
         0.0000],
        [0.4965, 0.5003, 0.5514, 0.6987, 0.7524, 0.6919, 0.8372, 0.8659, 0.9341,
         0.0000],
        [0.4229, 0.4292, 0.4370, 0.6388, 0.5988, 0.4821, 0.7169, 0.8105, 0.8503,
         0.9296]])
final average accuracy:  tensor(0.6316)
total average accuracy:  tensor(0.7552)
final forget:  tensor(0.3261)
total forget:  tensor(0.2035)
