tensor([[0.9103, 0.0000, 0.0000, 0.0000, 0.0000, 0.0000, 0.0000, 0.0000, 0.0000,
         0.0000],
        [0.8832, 0.9164, 0.0000, 0.0000, 0.0000, 0.0000, 0.0000, 0.0000, 0.0000,
         0.0000],
        [0.8390, 0.8944, 0.9249, 0.0000, 0.0000, 0.0000, 0.0000, 0.0000, 0.0000,
         0.0000],
        [0.7834, 0.8084, 0.8954, 0.9242, 0.0000, 0.0000, 0.0000, 0.0000, 0.0000,
         0.0000],
        [0.6999, 0.7297, 0.8076, 0.8877, 0.9320, 0.0000, 0.0000, 0.0000, 0.0000,
         0.0000],
        [0.6907, 0.5887, 0.6551, 0.7312, 0.8403, 0.9204, 0.0000, 0.0000, 0.0000,
         0.0000],
        [0.7447, 0.6225, 0.6001, 0.7598, 0.7745, 0.8571, 0.9261, 0.0000, 0.0000,
         0.0000],
        [0.7305, 0.5509, 0.5139, 0.6283, 0.7175, 0.7971, 0.9103, 0.9362, 0.0000,
         0.0000],
        [0.6465, 0.5385, 0.5063, 0.5862, 0.7037, 0.7953, 0.8513, 0.8882, 0.9149,
         0.0000],
        [0.6019, 0.4595, 0.4495, 0.4806, 0.6325, 0.6748, 0.8345, 0.7979, 0.8371,
         0.9334]])
final average accuracy:  tensor(0.6702)
total average accuracy:  tensor(0.7539)
final forget:  tensor(0.2819)
total forget:  tensor(0.2050)
