tensor([[0.9062, 0.0000, 0.0000, 0.0000, 0.0000, 0.0000, 0.0000, 0.0000, 0.0000,
         0.0000],
        [0.8819, 0.9153, 0.0000, 0.0000, 0.0000, 0.0000, 0.0000, 0.0000, 0.0000,
         0.0000],
        [0.8519, 0.9056, 0.9161, 0.0000, 0.0000, 0.0000, 0.0000, 0.0000, 0.0000,
         0.0000],
        [0.8324, 0.8658, 0.8878, 0.9205, 0.0000, 0.0000, 0.0000, 0.0000, 0.0000,
         0.0000],
        [0.7847, 0.8609, 0.8684, 0.8882, 0.9236, 0.0000, 0.0000, 0.0000, 0.0000,
         0.0000],
        [0.6890, 0.8107, 0.7835, 0.8712, 0.8891, 0.9229, 0.0000, 0.0000, 0.0000,
         0.0000],
        [0.6615, 0.7590, 0.7364, 0.7860, 0.8333, 0.9041, 0.9191, 0.0000, 0.0000,
         0.0000],
        [0.6155, 0.6806, 0.6884, 0.7679, 0.7536, 0.8390, 0.8961, 0.9210, 0.0000,
         0.0000],
        [0.5423, 0.6677, 0.6784, 0.6837, 0.7259, 0.7498, 0.8544, 0.9010, 0.9268,
         0.0000],
        [0.4022, 0.5696, 0.5797, 0.5510, 0.6158, 0.7576, 0.7492, 0.8506, 0.8892,
         0.9181]])
final average accuracy:  tensor(0.6883)
total average accuracy:  tensor(0.7918)
final forget:  tensor(0.2563)
total forget:  tensor(0.1531)
