tensor([[0.9077, 0.0000, 0.0000, 0.0000, 0.0000, 0.0000, 0.0000, 0.0000, 0.0000,
         0.0000],
        [0.8704, 0.9182, 0.0000, 0.0000, 0.0000, 0.0000, 0.0000, 0.0000, 0.0000,
         0.0000],
        [0.8433, 0.8704, 0.9251, 0.0000, 0.0000, 0.0000, 0.0000, 0.0000, 0.0000,
         0.0000],
        [0.8014, 0.8063, 0.8978, 0.9231, 0.0000, 0.0000, 0.0000, 0.0000, 0.0000,
         0.0000],
        [0.7482, 0.8320, 0.8067, 0.8296, 0.9279, 0.0000, 0.0000, 0.0000, 0.0000,
         0.0000],
        [0.6801, 0.7604, 0.6624, 0.7304, 0.8879, 0.9237, 0.0000, 0.0000, 0.0000,
         0.0000],
        [0.6096, 0.6338, 0.6557, 0.6988, 0.7849, 0.8605, 0.8969, 0.0000, 0.0000,
         0.0000],
        [0.6466, 0.6374, 0.5974, 0.7026, 0.8201, 0.8661, 0.8952, 0.9335, 0.0000,
         0.0000],
        [0.5963, 0.5269, 0.6081, 0.6301, 0.6557, 0.8472, 0.8208, 0.9023, 0.9317,
         0.0000],
        [0.6042, 0.4911, 0.4912, 0.5680, 0.5863, 0.7462, 0.7737, 0.8827, 0.8970,
         0.9186]])
final average accuracy:  tensor(0.6959)
total average accuracy:  tensor(0.7685)
final forget:  tensor(0.2497)
total forget:  tensor(0.1842)
