tensor([[0.9087, 0.0000, 0.0000, 0.0000, 0.0000, 0.0000, 0.0000, 0.0000, 0.0000,
         0.0000],
        [0.8696, 0.9185, 0.0000, 0.0000, 0.0000, 0.0000, 0.0000, 0.0000, 0.0000,
         0.0000],
        [0.8198, 0.8954, 0.9235, 0.0000, 0.0000, 0.0000, 0.0000, 0.0000, 0.0000,
         0.0000],
        [0.8083, 0.8434, 0.8867, 0.9225, 0.0000, 0.0000, 0.0000, 0.0000, 0.0000,
         0.0000],
        [0.6680, 0.7175, 0.8154, 0.8785, 0.9266, 0.0000, 0.0000, 0.0000, 0.0000,
         0.0000],
        [0.5941, 0.6180, 0.7717, 0.8387, 0.8323, 0.9281, 0.0000, 0.0000, 0.0000,
         0.0000],
        [0.5579, 0.6373, 0.7044, 0.7616, 0.8329, 0.8971, 0.9239, 0.0000, 0.0000,
         0.0000],
        [0.5575, 0.6925, 0.7280, 0.7540, 0.8072, 0.8256, 0.8880, 0.9189, 0.0000,
         0.0000],
        [0.4953, 0.4820, 0.5576, 0.6306, 0.7020, 0.7402, 0.8452, 0.8802, 0.8834,
         0.0000],
        [0.5186, 0.4743, 0.6334, 0.6570, 0.6557, 0.7499, 0.7299, 0.8119, 0.7916,
         0.9293]])
final average accuracy:  tensor(0.6952)
total average accuracy:  tensor(0.7644)
final forget:  tensor(0.2480)
total forget:  tensor(0.1891)
