tensor([[0.9145, 0.0000, 0.0000, 0.0000, 0.0000, 0.0000, 0.0000, 0.0000, 0.0000,
         0.0000],
        [0.8910, 0.9203, 0.0000, 0.0000, 0.0000, 0.0000, 0.0000, 0.0000, 0.0000,
         0.0000],
        [0.8312, 0.8647, 0.9190, 0.0000, 0.0000, 0.0000, 0.0000, 0.0000, 0.0000,
         0.0000],
        [0.8135, 0.8553, 0.8829, 0.9169, 0.0000, 0.0000, 0.0000, 0.0000, 0.0000,
         0.0000],
        [0.8188, 0.8020, 0.8881, 0.9025, 0.9268, 0.0000, 0.0000, 0.0000, 0.0000,
         0.0000],
        [0.7164, 0.6410, 0.8091, 0.8430, 0.9056, 0.9194, 0.0000, 0.0000, 0.0000,
         0.0000],
        [0.5788, 0.5085, 0.7481, 0.8065, 0.8434, 0.8821, 0.9212, 0.0000, 0.0000,
         0.0000],
        [0.5781, 0.5159, 0.6826, 0.7121, 0.8076, 0.8613, 0.8415, 0.9344, 0.0000,
         0.0000],
        [0.5143, 0.4838, 0.6475, 0.5798, 0.7692, 0.8284, 0.8064, 0.8921, 0.9283,
         0.0000],
        [0.4788, 0.4209, 0.5283, 0.5326, 0.5987, 0.8031, 0.8148, 0.8455, 0.9113,
         0.9296]])
final average accuracy:  tensor(0.6864)
total average accuracy:  tensor(0.7730)
final forget:  tensor(0.2630)
total forget:  tensor(0.1803)
