tensor([[0.9064, 0.0000, 0.0000, 0.0000, 0.0000, 0.0000, 0.0000, 0.0000, 0.0000,
         0.0000],
        [0.8748, 0.9197, 0.0000, 0.0000, 0.0000, 0.0000, 0.0000, 0.0000, 0.0000,
         0.0000],
        [0.7856, 0.8403, 0.9143, 0.0000, 0.0000, 0.0000, 0.0000, 0.0000, 0.0000,
         0.0000],
        [0.6959, 0.8104, 0.8858, 0.9177, 0.0000, 0.0000, 0.0000, 0.0000, 0.0000,
         0.0000],
        [0.6478, 0.8000, 0.8197, 0.8273, 0.9161, 0.0000, 0.0000, 0.0000, 0.0000,
         0.0000],
        [0.5611, 0.7519, 0.7440, 0.8513, 0.8767, 0.9227, 0.0000, 0.0000, 0.0000,
         0.0000],
        [0.5301, 0.6522, 0.6850, 0.8545, 0.8742, 0.9007, 0.9294, 0.0000, 0.0000,
         0.0000],
        [0.4544, 0.5316, 0.4323, 0.7445, 0.8224, 0.8173, 0.8996, 0.9122, 0.0000,
         0.0000],
        [0.4189, 0.5544, 0.4817, 0.6606, 0.7700, 0.7190, 0.8511, 0.8859, 0.9243,
         0.0000],
        [0.4604, 0.4727, 0.4098, 0.6879, 0.7271, 0.6940, 0.8444, 0.8665, 0.8701,
         0.9275]])
final average accuracy:  tensor(0.6960)
total average accuracy:  tensor(0.7552)
final forget:  tensor(0.2478)
total forget:  tensor(0.1974)
