tensor([[0.8677, 0.0000, 0.0000, 0.0000, 0.0000, 0.0000, 0.0000, 0.0000, 0.0000,
         0.0000],
        [0.8444, 0.8862, 0.0000, 0.0000, 0.0000, 0.0000, 0.0000, 0.0000, 0.0000,
         0.0000],
        [0.8214, 0.8621, 0.8856, 0.0000, 0.0000, 0.0000, 0.0000, 0.0000, 0.0000,
         0.0000],
        [0.8099, 0.8443, 0.8604, 0.8888, 0.0000, 0.0000, 0.0000, 0.0000, 0.0000,
         0.0000],
        [0.7424, 0.7918, 0.8500, 0.8108, 0.8876, 0.0000, 0.0000, 0.0000, 0.0000,
         0.0000],
        [0.7002, 0.8053, 0.8094, 0.8349, 0.8545, 0.8863, 0.0000, 0.0000, 0.0000,
         0.0000],
        [0.5979, 0.7680, 0.7754, 0.7668, 0.7956, 0.8336, 0.8879, 0.0000, 0.0000,
         0.0000],
        [0.6215, 0.7839, 0.7604, 0.7547, 0.7534, 0.8085, 0.8587, 0.8849, 0.0000,
         0.0000],
        [0.5368, 0.7076, 0.6723, 0.7080, 0.7200, 0.7800, 0.8232, 0.8585, 0.8891,
         0.0000],
        [0.5365, 0.6821, 0.6580, 0.6473, 0.6425, 0.7036, 0.8054, 0.8091, 0.8660,
         0.8911]])
final average accuracy:  tensor(0.7242)
total average accuracy:  tensor(0.7842)
final forget:  tensor(0.1793)
total forget:  tensor(0.1213)
