tensor([[0.8937, 0.0000, 0.0000, 0.0000, 0.0000, 0.0000, 0.0000, 0.0000, 0.0000,
         0.0000],
        [0.8680, 0.8998, 0.0000, 0.0000, 0.0000, 0.0000, 0.0000, 0.0000, 0.0000,
         0.0000],
        [0.8034, 0.8743, 0.9011, 0.0000, 0.0000, 0.0000, 0.0000, 0.0000, 0.0000,
         0.0000],
        [0.7642, 0.8549, 0.8816, 0.9100, 0.0000, 0.0000, 0.0000, 0.0000, 0.0000,
         0.0000],
        [0.7143, 0.8302, 0.8622, 0.8745, 0.9096, 0.0000, 0.0000, 0.0000, 0.0000,
         0.0000],
        [0.6920, 0.8183, 0.8376, 0.8743, 0.8830, 0.8985, 0.0000, 0.0000, 0.0000,
         0.0000],
        [0.6553, 0.7282, 0.7902, 0.8522, 0.8411, 0.8729, 0.9049, 0.0000, 0.0000,
         0.0000],
        [0.5901, 0.6931, 0.7377, 0.8429, 0.7933, 0.8089, 0.8882, 0.9075, 0.0000,
         0.0000],
        [0.6004, 0.6419, 0.6497, 0.7933, 0.7106, 0.7984, 0.8391, 0.8709, 0.9119,
         0.0000],
        [0.5280, 0.5601, 0.5202, 0.7053, 0.6727, 0.7150, 0.7719, 0.8443, 0.8833,
         0.9082]])
final average accuracy:  tensor(0.7109)
total average accuracy:  tensor(0.7941)
final forget:  tensor(0.2151)
total forget:  tensor(0.1325)
