tensor([[0.8560, 0.0000, 0.0000, 0.0000, 0.0000, 0.0000, 0.0000, 0.0000, 0.0000,
         0.0000],
        [0.8281, 0.8793, 0.0000, 0.0000, 0.0000, 0.0000, 0.0000, 0.0000, 0.0000,
         0.0000],
        [0.8280, 0.8566, 0.8843, 0.0000, 0.0000, 0.0000, 0.0000, 0.0000, 0.0000,
         0.0000],
        [0.7945, 0.8468, 0.8446, 0.8857, 0.0000, 0.0000, 0.0000, 0.0000, 0.0000,
         0.0000],
        [0.7103, 0.8033, 0.8325, 0.8619, 0.8863, 0.0000, 0.0000, 0.0000, 0.0000,
         0.0000],
        [0.6890, 0.7609, 0.7863, 0.8214, 0.8566, 0.8885, 0.0000, 0.0000, 0.0000,
         0.0000],
        [0.6250, 0.7259, 0.8106, 0.7767, 0.8286, 0.8647, 0.8864, 0.0000, 0.0000,
         0.0000],
        [0.5502, 0.7458, 0.7693, 0.7434, 0.7469, 0.8363, 0.8554, 0.8841, 0.0000,
         0.0000],
        [0.5230, 0.7265, 0.7332, 0.7202, 0.7022, 0.8357, 0.8287, 0.8592, 0.8899,
         0.0000],
        [0.5476, 0.7168, 0.6881, 0.7142, 0.7365, 0.7914, 0.7927, 0.8517, 0.8666,
         0.8839]])
final average accuracy:  tensor(0.7589)
total average accuracy:  tensor(0.7902)
final forget:  tensor(0.1372)
total forget:  tensor(0.1091)
