tensor([[0.9145, 0.0000, 0.0000, 0.0000, 0.0000, 0.0000, 0.0000, 0.0000, 0.0000,
         0.0000],
        [0.8788, 0.9196, 0.0000, 0.0000, 0.0000, 0.0000, 0.0000, 0.0000, 0.0000,
         0.0000],
        [0.8351, 0.8434, 0.9131, 0.0000, 0.0000, 0.0000, 0.0000, 0.0000, 0.0000,
         0.0000],
        [0.7786, 0.7901, 0.8342, 0.9102, 0.0000, 0.0000, 0.0000, 0.0000, 0.0000,
         0.0000],
        [0.7360, 0.5998, 0.7856, 0.7851, 0.9311, 0.0000, 0.0000, 0.0000, 0.0000,
         0.0000],
        [0.6738, 0.5970, 0.7934, 0.8484, 0.8799, 0.9291, 0.0000, 0.0000, 0.0000,
         0.0000],
        [0.6159, 0.5538, 0.6653, 0.7336, 0.7944, 0.8584, 0.9280, 0.0000, 0.0000,
         0.0000],
        [0.5758, 0.5292, 0.6864, 0.7654, 0.7724, 0.7955, 0.8919, 0.9267, 0.0000,
         0.0000],
        [0.6574, 0.4837, 0.5005, 0.5971, 0.7284, 0.7070, 0.8026, 0.8915, 0.9276,
         0.0000],
        [0.6005, 0.4717, 0.3852, 0.6274, 0.6431, 0.6100, 0.6729, 0.7404, 0.8758,
         0.9189]])
final average accuracy:  tensor(0.6546)
total average accuracy:  tensor(0.7475)
final forget:  tensor(0.2970)
total forget:  tensor(0.2108)
