tensor([[0.8908, 0.0000, 0.0000, 0.0000, 0.0000, 0.0000, 0.0000, 0.0000, 0.0000,
         0.0000],
        [0.8782, 0.9043, 0.0000, 0.0000, 0.0000, 0.0000, 0.0000, 0.0000, 0.0000,
         0.0000],
        [0.8330, 0.8823, 0.9050, 0.0000, 0.0000, 0.0000, 0.0000, 0.0000, 0.0000,
         0.0000],
        [0.8068, 0.8099, 0.8657, 0.9094, 0.0000, 0.0000, 0.0000, 0.0000, 0.0000,
         0.0000],
        [0.7539, 0.7543, 0.7541, 0.8623, 0.9032, 0.0000, 0.0000, 0.0000, 0.0000,
         0.0000],
        [0.7534, 0.7522, 0.8066, 0.8619, 0.8713, 0.9042, 0.0000, 0.0000, 0.0000,
         0.0000],
        [0.6790, 0.7330, 0.8173, 0.7992, 0.8149, 0.8784, 0.9015, 0.0000, 0.0000,
         0.0000],
        [0.6177, 0.7222, 0.8127, 0.7535, 0.7859, 0.8431, 0.8838, 0.9040, 0.0000,
         0.0000],
        [0.5268, 0.6014, 0.7542, 0.6590, 0.7124, 0.7303, 0.8497, 0.8776, 0.9054,
         0.0000],
        [0.4408, 0.5815, 0.7079, 0.6952, 0.6992, 0.7404, 0.8147, 0.8227, 0.8693,
         0.9085]])
final average accuracy:  tensor(0.7280)
total average accuracy:  tensor(0.7910)
final forget:  tensor(0.1951)
total forget:  tensor(0.1361)
