tensor([[0.8854, 0.0000, 0.0000, 0.0000, 0.0000, 0.0000, 0.0000, 0.0000, 0.0000,
         0.0000],
        [0.8732, 0.8952, 0.0000, 0.0000, 0.0000, 0.0000, 0.0000, 0.0000, 0.0000,
         0.0000],
        [0.8448, 0.8635, 0.8971, 0.0000, 0.0000, 0.0000, 0.0000, 0.0000, 0.0000,
         0.0000],
        [0.8293, 0.8486, 0.8645, 0.8990, 0.0000, 0.0000, 0.0000, 0.0000, 0.0000,
         0.0000],
        [0.8024, 0.7931, 0.8348, 0.8425, 0.8992, 0.0000, 0.0000, 0.0000, 0.0000,
         0.0000],
        [0.7695, 0.7714, 0.8269, 0.8351, 0.8754, 0.8947, 0.0000, 0.0000, 0.0000,
         0.0000],
        [0.6820, 0.6867, 0.7867, 0.8231, 0.8298, 0.8692, 0.8987, 0.0000, 0.0000,
         0.0000],
        [0.7031, 0.6182, 0.6609, 0.7761, 0.8040, 0.8260, 0.8492, 0.8984, 0.0000,
         0.0000],
        [0.6788, 0.5752, 0.6075, 0.7543, 0.7702, 0.7941, 0.7973, 0.8640, 0.8992,
         0.0000],
        [0.5904, 0.5615, 0.5661, 0.6259, 0.6781, 0.7304, 0.7459, 0.8051, 0.8742,
         0.9044]])
final average accuracy:  tensor(0.7082)
total average accuracy:  tensor(0.7887)
final forget:  tensor(0.2099)
total forget:  tensor(0.1303)
