tensor([[0.9037, 0.0000, 0.0000, 0.0000, 0.0000, 0.0000, 0.0000, 0.0000, 0.0000,
         0.0000],
        [0.8749, 0.9172, 0.0000, 0.0000, 0.0000, 0.0000, 0.0000, 0.0000, 0.0000,
         0.0000],
        [0.8351, 0.8915, 0.9171, 0.0000, 0.0000, 0.0000, 0.0000, 0.0000, 0.0000,
         0.0000],
        [0.8288, 0.8703, 0.8856, 0.9241, 0.0000, 0.0000, 0.0000, 0.0000, 0.0000,
         0.0000],
        [0.8169, 0.8062, 0.8406, 0.9036, 0.9223, 0.0000, 0.0000, 0.0000, 0.0000,
         0.0000],
        [0.7476, 0.7489, 0.8250, 0.8793, 0.9087, 0.9155, 0.0000, 0.0000, 0.0000,
         0.0000],
        [0.7366, 0.6772, 0.7668, 0.8097, 0.8922, 0.8975, 0.9214, 0.0000, 0.0000,
         0.0000],
        [0.6788, 0.6164, 0.6470, 0.6975, 0.8000, 0.8525, 0.8781, 0.9202, 0.0000,
         0.0000],
        [0.5899, 0.5266, 0.5473, 0.6824, 0.7348, 0.8052, 0.8412, 0.9016, 0.9247,
         0.0000],
        [0.5140, 0.4461, 0.4624, 0.6153, 0.5163, 0.7377, 0.7852, 0.8464, 0.8881,
         0.9290]])
final average accuracy:  tensor(0.6740)
total average accuracy:  tensor(0.7863)
final forget:  tensor(0.2727)
total forget:  tensor(0.1596)
