tensor([[0.9065, 0.0000, 0.0000, 0.0000, 0.0000, 0.0000, 0.0000, 0.0000, 0.0000,
         0.0000],
        [0.8777, 0.9155, 0.0000, 0.0000, 0.0000, 0.0000, 0.0000, 0.0000, 0.0000,
         0.0000],
        [0.8637, 0.8956, 0.9162, 0.0000, 0.0000, 0.0000, 0.0000, 0.0000, 0.0000,
         0.0000],
        [0.8377, 0.8401, 0.8888, 0.8968, 0.0000, 0.0000, 0.0000, 0.0000, 0.0000,
         0.0000],
        [0.7851, 0.7297, 0.8756, 0.8497, 0.9282, 0.0000, 0.0000, 0.0000, 0.0000,
         0.0000],
        [0.7181, 0.6659, 0.8144, 0.8057, 0.8837, 0.9184, 0.0000, 0.0000, 0.0000,
         0.0000],
        [0.6507, 0.5693, 0.7604, 0.7711, 0.8561, 0.8777, 0.9253, 0.0000, 0.0000,
         0.0000],
        [0.5331, 0.5096, 0.6738, 0.6790, 0.8406, 0.8377, 0.9000, 0.9230, 0.0000,
         0.0000],
        [0.4510, 0.3203, 0.6509, 0.5351, 0.7260, 0.7973, 0.8638, 0.8848, 0.9184,
         0.0000],
        [0.4820, 0.3188, 0.5665, 0.5149, 0.6747, 0.6149, 0.8388, 0.8361, 0.8925,
         0.9100]])
final average accuracy:  tensor(0.6649)
total average accuracy:  tensor(0.7621)
final forget:  tensor(0.2788)
total forget:  tensor(0.1861)
