tensor([[0.8581, 0.0000, 0.0000, 0.0000, 0.0000, 0.0000, 0.0000, 0.0000, 0.0000,
         0.0000],
        [0.8365, 0.8780, 0.0000, 0.0000, 0.0000, 0.0000, 0.0000, 0.0000, 0.0000,
         0.0000],
        [0.8140, 0.8663, 0.8839, 0.0000, 0.0000, 0.0000, 0.0000, 0.0000, 0.0000,
         0.0000],
        [0.8116, 0.8237, 0.8582, 0.8830, 0.0000, 0.0000, 0.0000, 0.0000, 0.0000,
         0.0000],
        [0.7696, 0.8301, 0.8354, 0.8462, 0.8836, 0.0000, 0.0000, 0.0000, 0.0000,
         0.0000],
        [0.7044, 0.7825, 0.8120, 0.7656, 0.8602, 0.8832, 0.0000, 0.0000, 0.0000,
         0.0000],
        [0.6655, 0.7663, 0.8077, 0.7599, 0.8567, 0.8692, 0.8815, 0.0000, 0.0000,
         0.0000],
        [0.6803, 0.7364, 0.7199, 0.7883, 0.7777, 0.8518, 0.8276, 0.8808, 0.0000,
         0.0000],
        [0.6721, 0.7131, 0.7403, 0.7656, 0.7411, 0.8336, 0.8251, 0.8545, 0.8889,
         0.0000],
        [0.6241, 0.6763, 0.7218, 0.7444, 0.7153, 0.8079, 0.8152, 0.8309, 0.8526,
         0.8851]])
final average accuracy:  tensor(0.7674)
total average accuracy:  tensor(0.8012)
final forget:  tensor(0.1258)
total forget:  tensor(0.0938)
