tensor([[0.9135, 0.0000, 0.0000, 0.0000, 0.0000, 0.0000, 0.0000, 0.0000, 0.0000,
         0.0000],
        [0.8711, 0.9164, 0.0000, 0.0000, 0.0000, 0.0000, 0.0000, 0.0000, 0.0000,
         0.0000],
        [0.8445, 0.8805, 0.9206, 0.0000, 0.0000, 0.0000, 0.0000, 0.0000, 0.0000,
         0.0000],
        [0.7382, 0.8416, 0.8905, 0.9237, 0.0000, 0.0000, 0.0000, 0.0000, 0.0000,
         0.0000],
        [0.6925, 0.8045, 0.8618, 0.9099, 0.9215, 0.0000, 0.0000, 0.0000, 0.0000,
         0.0000],
        [0.6178, 0.7185, 0.7836, 0.8707, 0.9066, 0.9148, 0.0000, 0.0000, 0.0000,
         0.0000],
        [0.5708, 0.6310, 0.7409, 0.8172, 0.8775, 0.9067, 0.9228, 0.0000, 0.0000,
         0.0000],
        [0.4916, 0.5440, 0.5454, 0.6613, 0.8027, 0.8461, 0.9019, 0.9277, 0.0000,
         0.0000],
        [0.5194, 0.5581, 0.5766, 0.7134, 0.7473, 0.7807, 0.8869, 0.8810, 0.9237,
         0.0000],
        [0.4940, 0.4757, 0.5074, 0.6418, 0.5288, 0.7395, 0.6549, 0.8368, 0.9143,
         0.9267]])
final average accuracy:  tensor(0.6720)
total average accuracy:  tensor(0.7680)
final forget:  tensor(0.2768)
total forget:  tensor(0.1851)
