tensor([[0.9162, 0.0000, 0.0000, 0.0000, 0.0000, 0.0000, 0.0000, 0.0000, 0.0000,
         0.0000],
        [0.8696, 0.9140, 0.0000, 0.0000, 0.0000, 0.0000, 0.0000, 0.0000, 0.0000,
         0.0000],
        [0.8156, 0.8801, 0.9225, 0.0000, 0.0000, 0.0000, 0.0000, 0.0000, 0.0000,
         0.0000],
        [0.6849, 0.7985, 0.8672, 0.9255, 0.0000, 0.0000, 0.0000, 0.0000, 0.0000,
         0.0000],
        [0.6961, 0.8414, 0.8505, 0.8959, 0.9314, 0.0000, 0.0000, 0.0000, 0.0000,
         0.0000],
        [0.6544, 0.7878, 0.8234, 0.8746, 0.8943, 0.9311, 0.0000, 0.0000, 0.0000,
         0.0000],
        [0.5696, 0.5350, 0.7315, 0.7896, 0.8228, 0.8370, 0.9210, 0.0000, 0.0000,
         0.0000],
        [0.5735, 0.7142, 0.6718, 0.8120, 0.7816, 0.8402, 0.8257, 0.9245, 0.0000,
         0.0000],
        [0.5190, 0.6636, 0.6442, 0.6924, 0.7534, 0.7076, 0.8416, 0.8882, 0.9343,
         0.0000],
        [0.5333, 0.5865, 0.4627, 0.5904, 0.6050, 0.6451, 0.6650, 0.8603, 0.8923,
         0.9238]])
final average accuracy:  tensor(0.6764)
total average accuracy:  tensor(0.7733)
final forget:  tensor(0.2755)
total forget:  tensor(0.1824)
