tensor([[0.8815, 0.0000, 0.0000, 0.0000, 0.0000, 0.0000, 0.0000, 0.0000, 0.0000,
         0.0000],
        [0.8435, 0.8931, 0.0000, 0.0000, 0.0000, 0.0000, 0.0000, 0.0000, 0.0000,
         0.0000],
        [0.8559, 0.8663, 0.8947, 0.0000, 0.0000, 0.0000, 0.0000, 0.0000, 0.0000,
         0.0000],
        [0.8331, 0.8526, 0.8740, 0.8968, 0.0000, 0.0000, 0.0000, 0.0000, 0.0000,
         0.0000],
        [0.8047, 0.8445, 0.8609, 0.8767, 0.8960, 0.0000, 0.0000, 0.0000, 0.0000,
         0.0000],
        [0.8059, 0.8091, 0.8469, 0.8361, 0.8789, 0.8981, 0.0000, 0.0000, 0.0000,
         0.0000],
        [0.7713, 0.7996, 0.8257, 0.8101, 0.8455, 0.8735, 0.8950, 0.0000, 0.0000,
         0.0000],
        [0.7134, 0.7507, 0.7879, 0.7357, 0.8375, 0.8110, 0.8658, 0.8972, 0.0000,
         0.0000],
        [0.6978, 0.7203, 0.7604, 0.7260, 0.8119, 0.7857, 0.8568, 0.8728, 0.8996,
         0.0000],
        [0.6767, 0.6897, 0.7271, 0.6828, 0.7771, 0.7569, 0.8168, 0.8526, 0.8567,
         0.9009]])
final average accuracy:  tensor(0.7737)
total average accuracy:  tensor(0.8207)
final forget:  tensor(0.1351)
total forget:  tensor(0.0886)
