tensor([[0.8888, 0.0000, 0.0000, 0.0000, 0.0000, 0.0000, 0.0000, 0.0000, 0.0000,
         0.0000],
        [0.8556, 0.9096, 0.0000, 0.0000, 0.0000, 0.0000, 0.0000, 0.0000, 0.0000,
         0.0000],
        [0.7792, 0.8423, 0.9134, 0.0000, 0.0000, 0.0000, 0.0000, 0.0000, 0.0000,
         0.0000],
        [0.7262, 0.8275, 0.8702, 0.9113, 0.0000, 0.0000, 0.0000, 0.0000, 0.0000,
         0.0000],
        [0.6842, 0.8325, 0.8575, 0.8896, 0.8986, 0.0000, 0.0000, 0.0000, 0.0000,
         0.0000],
        [0.6165, 0.7820, 0.8246, 0.8399, 0.8789, 0.9098, 0.0000, 0.0000, 0.0000,
         0.0000],
        [0.6769, 0.7617, 0.7981, 0.8034, 0.8606, 0.8712, 0.9171, 0.0000, 0.0000,
         0.0000],
        [0.6629, 0.6832, 0.7821, 0.7712, 0.8316, 0.8577, 0.8832, 0.9213, 0.0000,
         0.0000],
        [0.5931, 0.6237, 0.6985, 0.6924, 0.7611, 0.7769, 0.8329, 0.8918, 0.9124,
         0.0000],
        [0.5602, 0.5687, 0.6112, 0.6369, 0.6923, 0.6210, 0.7652, 0.8559, 0.8664,
         0.9161]])
final average accuracy:  tensor(0.7094)
total average accuracy:  tensor(0.7909)
final forget:  tensor(0.2227)
total forget:  tensor(0.1417)
