tensor([[0.9054, 0.0000, 0.0000, 0.0000, 0.0000, 0.0000, 0.0000, 0.0000, 0.0000,
         0.0000],
        [0.8890, 0.9224, 0.0000, 0.0000, 0.0000, 0.0000, 0.0000, 0.0000, 0.0000,
         0.0000],
        [0.7994, 0.8805, 0.9231, 0.0000, 0.0000, 0.0000, 0.0000, 0.0000, 0.0000,
         0.0000],
        [0.7095, 0.8075, 0.8872, 0.9183, 0.0000, 0.0000, 0.0000, 0.0000, 0.0000,
         0.0000],
        [0.7311, 0.7547, 0.8606, 0.8844, 0.9192, 0.0000, 0.0000, 0.0000, 0.0000,
         0.0000],
        [0.5940, 0.7520, 0.8363, 0.8210, 0.8872, 0.9330, 0.0000, 0.0000, 0.0000,
         0.0000],
        [0.5684, 0.6290, 0.7919, 0.8239, 0.8697, 0.8968, 0.9183, 0.0000, 0.0000,
         0.0000],
        [0.4607, 0.5437, 0.7643, 0.7676, 0.7491, 0.8673, 0.8922, 0.9275, 0.0000,
         0.0000],
        [0.4013, 0.4810, 0.6249, 0.7141, 0.6190, 0.8392, 0.8644, 0.8954, 0.9222,
         0.0000],
        [0.4065, 0.5102, 0.4182, 0.5826, 0.6291, 0.7396, 0.7715, 0.7757, 0.8735,
         0.9198]])
final average accuracy:  tensor(0.6627)
total average accuracy:  tensor(0.7650)
final forget:  tensor(0.2869)
total forget:  tensor(0.1888)
