tensor([[0.9058, 0.0000, 0.0000, 0.0000, 0.0000, 0.0000, 0.0000, 0.0000, 0.0000,
         0.0000],
        [0.8867, 0.9190, 0.0000, 0.0000, 0.0000, 0.0000, 0.0000, 0.0000, 0.0000,
         0.0000],
        [0.8362, 0.8531, 0.9242, 0.0000, 0.0000, 0.0000, 0.0000, 0.0000, 0.0000,
         0.0000],
        [0.8485, 0.8391, 0.9014, 0.9207, 0.0000, 0.0000, 0.0000, 0.0000, 0.0000,
         0.0000],
        [0.8093, 0.7922, 0.8670, 0.8996, 0.9244, 0.0000, 0.0000, 0.0000, 0.0000,
         0.0000],
        [0.7506, 0.7661, 0.8188, 0.8610, 0.8675, 0.9202, 0.0000, 0.0000, 0.0000,
         0.0000],
        [0.6617, 0.6948, 0.7244, 0.7814, 0.8209, 0.9036, 0.9277, 0.0000, 0.0000,
         0.0000],
        [0.6086, 0.6120, 0.5884, 0.7536, 0.8357, 0.8841, 0.9114, 0.9311, 0.0000,
         0.0000],
        [0.5916, 0.5917, 0.5907, 0.7072, 0.7841, 0.8212, 0.8894, 0.9001, 0.9214,
         0.0000],
        [0.4350, 0.5035, 0.4630, 0.6486, 0.7081, 0.6749, 0.8409, 0.8619, 0.8881,
         0.9275]])
final average accuracy:  tensor(0.6951)
total average accuracy:  tensor(0.7909)
final forget:  tensor(0.2523)
total forget:  tensor(0.1575)
