tensor([[0.8946, 0.0000, 0.0000, 0.0000, 0.0000, 0.0000, 0.0000, 0.0000, 0.0000,
         0.0000],
        [0.8418, 0.9150, 0.0000, 0.0000, 0.0000, 0.0000, 0.0000, 0.0000, 0.0000,
         0.0000],
        [0.8240, 0.8922, 0.9147, 0.0000, 0.0000, 0.0000, 0.0000, 0.0000, 0.0000,
         0.0000],
        [0.7282, 0.8501, 0.8960, 0.9108, 0.0000, 0.0000, 0.0000, 0.0000, 0.0000,
         0.0000],
        [0.7370, 0.8149, 0.8212, 0.8694, 0.9194, 0.0000, 0.0000, 0.0000, 0.0000,
         0.0000],
        [0.7088, 0.7630, 0.7472, 0.8650, 0.8995, 0.9176, 0.0000, 0.0000, 0.0000,
         0.0000],
        [0.6319, 0.7179, 0.7409, 0.7913, 0.8532, 0.9099, 0.9210, 0.0000, 0.0000,
         0.0000],
        [0.5511, 0.7041, 0.5825, 0.7937, 0.8596, 0.8650, 0.8867, 0.9229, 0.0000,
         0.0000],
        [0.5215, 0.6022, 0.6187, 0.7123, 0.8118, 0.8394, 0.8902, 0.9018, 0.9244,
         0.0000],
        [0.4859, 0.5805, 0.4948, 0.6683, 0.7392, 0.7204, 0.8397, 0.8088, 0.9034,
         0.9246]])
final average accuracy:  tensor(0.7166)
total average accuracy:  tensor(0.7900)
final forget:  tensor(0.2222)
total forget:  tensor(0.1501)
