tensor([[0.9133, 0.0000, 0.0000, 0.0000, 0.0000, 0.0000, 0.0000, 0.0000, 0.0000,
         0.0000],
        [0.9087, 0.9277, 0.0000, 0.0000, 0.0000, 0.0000, 0.0000, 0.0000, 0.0000,
         0.0000],
        [0.8384, 0.8913, 0.9303, 0.0000, 0.0000, 0.0000, 0.0000, 0.0000, 0.0000,
         0.0000],
        [0.7461, 0.8460, 0.8692, 0.9245, 0.0000, 0.0000, 0.0000, 0.0000, 0.0000,
         0.0000],
        [0.7258, 0.8132, 0.8472, 0.9077, 0.9227, 0.0000, 0.0000, 0.0000, 0.0000,
         0.0000],
        [0.6235, 0.7612, 0.7626, 0.8755, 0.8809, 0.9263, 0.0000, 0.0000, 0.0000,
         0.0000],
        [0.6699, 0.6975, 0.7466, 0.8531, 0.8304, 0.9130, 0.9282, 0.0000, 0.0000,
         0.0000],
        [0.5151, 0.5442, 0.7056, 0.7680, 0.7461, 0.8114, 0.8094, 0.9222, 0.0000,
         0.0000],
        [0.6044, 0.5495, 0.6115, 0.6725, 0.7119, 0.6650, 0.6173, 0.8307, 0.9229,
         0.0000],
        [0.5398, 0.4725, 0.5435, 0.6096, 0.6503, 0.6893, 0.6592, 0.8116, 0.9020,
         0.9242]])
final average accuracy:  tensor(0.6802)
total average accuracy:  tensor(0.7689)
final forget:  tensor(0.2711)
total forget:  tensor(0.1894)
