tensor([[0.9079, 0.0000, 0.0000, 0.0000, 0.0000, 0.0000, 0.0000, 0.0000, 0.0000,
         0.0000],
        [0.8886, 0.9183, 0.0000, 0.0000, 0.0000, 0.0000, 0.0000, 0.0000, 0.0000,
         0.0000],
        [0.8061, 0.8877, 0.9234, 0.0000, 0.0000, 0.0000, 0.0000, 0.0000, 0.0000,
         0.0000],
        [0.7170, 0.7170, 0.8879, 0.9259, 0.0000, 0.0000, 0.0000, 0.0000, 0.0000,
         0.0000],
        [0.6828, 0.6203, 0.7850, 0.8270, 0.9290, 0.0000, 0.0000, 0.0000, 0.0000,
         0.0000],
        [0.7139, 0.5919, 0.7611, 0.7836, 0.8663, 0.9284, 0.0000, 0.0000, 0.0000,
         0.0000],
        [0.5672, 0.5190, 0.7002, 0.7408, 0.8050, 0.8645, 0.9213, 0.0000, 0.0000,
         0.0000],
        [0.5561, 0.4765, 0.7214, 0.6722, 0.7289, 0.8484, 0.8825, 0.9276, 0.0000,
         0.0000],
        [0.6289, 0.5614, 0.7558, 0.6347, 0.7093, 0.7520, 0.8186, 0.8399, 0.9334,
         0.0000],
        [0.4434, 0.5367, 0.7053, 0.5812, 0.6145, 0.7109, 0.8024, 0.8541, 0.8831,
         0.9379]])
final average accuracy:  tensor(0.7070)
total average accuracy:  tensor(0.7583)
final forget:  tensor(0.2426)
total forget:  tensor(0.1999)
