tensor([[0.9151, 0.0000, 0.0000, 0.0000, 0.0000, 0.0000, 0.0000, 0.0000, 0.0000,
         0.0000],
        [0.8909, 0.9212, 0.0000, 0.0000, 0.0000, 0.0000, 0.0000, 0.0000, 0.0000,
         0.0000],
        [0.8456, 0.8949, 0.9296, 0.0000, 0.0000, 0.0000, 0.0000, 0.0000, 0.0000,
         0.0000],
        [0.6942, 0.8379, 0.8907, 0.9275, 0.0000, 0.0000, 0.0000, 0.0000, 0.0000,
         0.0000],
        [0.7195, 0.8316, 0.8524, 0.9092, 0.9320, 0.0000, 0.0000, 0.0000, 0.0000,
         0.0000],
        [0.6092, 0.7328, 0.8221, 0.8814, 0.8896, 0.9267, 0.0000, 0.0000, 0.0000,
         0.0000],
        [0.5786, 0.6593, 0.7322, 0.8009, 0.8243, 0.8477, 0.9353, 0.0000, 0.0000,
         0.0000],
        [0.5571, 0.6810, 0.6740, 0.7746, 0.8084, 0.8271, 0.9022, 0.9227, 0.0000,
         0.0000],
        [0.5562, 0.5779, 0.6183, 0.6916, 0.6465, 0.7747, 0.8811, 0.8951, 0.9181,
         0.0000],
        [0.4571, 0.4635, 0.6895, 0.6153, 0.6310, 0.6369, 0.8827, 0.8304, 0.9066,
         0.9166]])
final average accuracy:  tensor(0.7030)
total average accuracy:  tensor(0.7812)
final forget:  tensor(0.2461)
total forget:  tensor(0.1753)
