tensor([[0.9044, 0.0000, 0.0000, 0.0000, 0.0000, 0.0000, 0.0000, 0.0000, 0.0000,
         0.0000],
        [0.8615, 0.9146, 0.0000, 0.0000, 0.0000, 0.0000, 0.0000, 0.0000, 0.0000,
         0.0000],
        [0.7973, 0.8906, 0.9151, 0.0000, 0.0000, 0.0000, 0.0000, 0.0000, 0.0000,
         0.0000],
        [0.7732, 0.8320, 0.9005, 0.9250, 0.0000, 0.0000, 0.0000, 0.0000, 0.0000,
         0.0000],
        [0.7624, 0.7781, 0.8456, 0.8535, 0.9230, 0.0000, 0.0000, 0.0000, 0.0000,
         0.0000],
        [0.6633, 0.7588, 0.8076, 0.8426, 0.8961, 0.9296, 0.0000, 0.0000, 0.0000,
         0.0000],
        [0.5518, 0.5948, 0.7327, 0.7521, 0.8522, 0.8923, 0.9320, 0.0000, 0.0000,
         0.0000],
        [0.4993, 0.6532, 0.6688, 0.6199, 0.7060, 0.7842, 0.7897, 0.9317, 0.0000,
         0.0000],
        [0.5235, 0.5996, 0.6263, 0.5553, 0.6841, 0.7389, 0.7538, 0.8916, 0.9337,
         0.0000],
        [0.5396, 0.5695, 0.5347, 0.4295, 0.5762, 0.6546, 0.6785, 0.8516, 0.8810,
         0.9317]])
final average accuracy:  tensor(0.6647)
total average accuracy:  tensor(0.7580)
final forget:  tensor(0.2882)
total forget:  tensor(0.1976)
