lr = 0.340, alpha = 10000.000, batch size = 256
seq len = 10, exp num = 3
tensor([[0.9206, 0.0000, 0.0000, 0.0000, 0.0000, 0.0000, 0.0000, 0.0000, 0.0000,
         0.0000],
        [0.6301, 0.6398, 0.0000, 0.0000, 0.0000, 0.0000, 0.0000, 0.0000, 0.0000,
         0.0000],
        [0.0980, 0.0980, 0.0980, 0.0000, 0.0000, 0.0000, 0.0000, 0.0000, 0.0000,
         0.0000],
        [0.0980, 0.0980, 0.0980, 0.0980, 0.0000, 0.0000, 0.0000, 0.0000, 0.0000,
         0.0000],
        [0.0980, 0.0980, 0.0980, 0.0980, 0.0980, 0.0000, 0.0000, 0.0000, 0.0000,
         0.0000],
        [0.0980, 0.0980, 0.0980, 0.0980, 0.0980, 0.0980, 0.0000, 0.0000, 0.0000,
         0.0000],
        [0.0980, 0.0980, 0.0980, 0.0980, 0.0980, 0.0980, 0.0980, 0.0000, 0.0000,
         0.0000],
        [0.0980, 0.0980, 0.0980, 0.0980, 0.0980, 0.0980, 0.0980, 0.0980, 0.0000,
         0.0000],
        [0.0980, 0.0980, 0.0980, 0.0980, 0.0980, 0.0980, 0.0980, 0.0980, 0.0980,
         0.0000],
        [0.0980, 0.0980, 0.0980, 0.0980, 0.0980, 0.0980, 0.0980, 0.0980, 0.0980,
         0.0980]])
final average acc: 0.098, std: 0.000
total average acc: 0.132, std: 0.017
final forget: 0.152, std: 0.052
total forget: 0.249, std: 0.074
