lr = 0.340, alpha = 100.000, batch size = 256
seq len = 10, exp num = 3
tensor([[0.9118, 0.0000, 0.0000, 0.0000, 0.0000, 0.0000, 0.0000, 0.0000, 0.0000,
         0.0000],
        [0.9012, 0.9257, 0.0000, 0.0000, 0.0000, 0.0000, 0.0000, 0.0000, 0.0000,
         0.0000],
        [0.8404, 0.8931, 0.9317, 0.0000, 0.0000, 0.0000, 0.0000, 0.0000, 0.0000,
         0.0000],
        [0.7624, 0.8498, 0.8977, 0.9246, 0.0000, 0.0000, 0.0000, 0.0000, 0.0000,
         0.0000],
        [0.7373, 0.7809, 0.8402, 0.8795, 0.9304, 0.0000, 0.0000, 0.0000, 0.0000,
         0.0000],
        [0.6688, 0.6761, 0.8194, 0.8566, 0.8947, 0.9289, 0.0000, 0.0000, 0.0000,
         0.0000],
        [0.5996, 0.6210, 0.7659, 0.7869, 0.8045, 0.8430, 0.9318, 0.0000, 0.0000,
         0.0000],
        [0.5646, 0.6254, 0.7592, 0.7275, 0.7387, 0.8051, 0.8780, 0.9244, 0.0000,
         0.0000],
        [0.5219, 0.5372, 0.6915, 0.6879, 0.6876, 0.7856, 0.8446, 0.9025, 0.9288,
         0.0000],
        [0.4901, 0.4708, 0.5912, 0.5877, 0.6245, 0.7158, 0.7954, 0.8335, 0.8500,
         0.9288]])
final average acc: 0.689, std: 0.024
total average acc: 0.776, std: 0.006
final forget: 0.264, std: 0.028
total forget: 0.182, std: 0.003
