tensor([[0.9269, 0.0000, 0.0000, 0.0000, 0.0000, 0.0000, 0.0000, 0.0000, 0.0000,
         0.0000],
        [0.8698, 0.9250, 0.0000, 0.0000, 0.0000, 0.0000, 0.0000, 0.0000, 0.0000,
         0.0000],
        [0.7993, 0.8963, 0.9329, 0.0000, 0.0000, 0.0000, 0.0000, 0.0000, 0.0000,
         0.0000],
        [0.7650, 0.8576, 0.8763, 0.9336, 0.0000, 0.0000, 0.0000, 0.0000, 0.0000,
         0.0000],
        [0.6962, 0.8001, 0.8150, 0.9134, 0.9367, 0.0000, 0.0000, 0.0000, 0.0000,
         0.0000],
        [0.6105, 0.7012, 0.7226, 0.7917, 0.8145, 0.9270, 0.0000, 0.0000, 0.0000,
         0.0000],
        [0.6245, 0.6626, 0.7631, 0.7581, 0.8065, 0.8069, 0.9257, 0.0000, 0.0000,
         0.0000],
        [0.5546, 0.5643, 0.7281, 0.7241, 0.6613, 0.8744, 0.8722, 0.9273, 0.0000,
         0.0000],
        [0.6702, 0.5419, 0.6265, 0.6307, 0.6846, 0.6947, 0.8044, 0.7835, 0.9352,
         0.0000],
        [0.5624, 0.5149, 0.6743, 0.6752, 0.7092, 0.6490, 0.7819, 0.7500, 0.7649,
         0.9315]])
final average accuracy:  tensor(0.7013)
total average accuracy:  tensor(0.7664)
final forget:  tensor(0.2543)
total forget:  tensor(0.1996)
