tensor([[0.9030, 0.0000, 0.0000, 0.0000, 0.0000, 0.0000, 0.0000, 0.0000, 0.0000,
         0.0000],
        [0.0989, 0.9218, 0.0000, 0.0000, 0.0000, 0.0000, 0.0000, 0.0000, 0.0000,
         0.0000],
        [0.0945, 0.0952, 0.9259, 0.0000, 0.0000, 0.0000, 0.0000, 0.0000, 0.0000,
         0.0000],
        [0.1090, 0.0907, 0.1217, 0.9152, 0.0000, 0.0000, 0.0000, 0.0000, 0.0000,
         0.0000],
        [0.0861, 0.0800, 0.0756, 0.1114, 0.9009, 0.0000, 0.0000, 0.0000, 0.0000,
         0.0000],
        [0.1035, 0.0985, 0.1150, 0.1263, 0.1074, 0.9174, 0.0000, 0.0000, 0.0000,
         0.0000],
        [0.0960, 0.0584, 0.0558, 0.0864, 0.0859, 0.1120, 0.9173, 0.0000, 0.0000,
         0.0000],
        [0.0861, 0.0999, 0.1260, 0.1023, 0.1554, 0.1837, 0.0852, 0.9181, 0.0000,
         0.0000],
        [0.1101, 0.1056, 0.0934, 0.0666, 0.1141, 0.0988, 0.0885, 0.1099, 0.9196,
         0.0000],
        [0.1008, 0.1242, 0.1135, 0.0982, 0.1118, 0.1067, 0.1094, 0.1039, 0.1306,
         0.9280]])
final average accuracy:  tensor(0.1927)
total average accuracy:  tensor(0.2509)
final forget:  tensor(0.8045)
total forget:  tensor(0.8116)
