tensor([[0.9377, 0.0000, 0.0000, 0.0000, 0.0000, 0.0000, 0.0000, 0.0000, 0.0000,
         0.0000],
        [0.9377, 0.9412, 0.0000, 0.0000, 0.0000, 0.0000, 0.0000, 0.0000, 0.0000,
         0.0000],
        [0.9377, 0.9412, 0.9302, 0.0000, 0.0000, 0.0000, 0.0000, 0.0000, 0.0000,
         0.0000],
        [0.9377, 0.9412, 0.9302, 0.9388, 0.0000, 0.0000, 0.0000, 0.0000, 0.0000,
         0.0000],
        [0.9377, 0.9412, 0.9302, 0.9388, 0.9359, 0.0000, 0.0000, 0.0000, 0.0000,
         0.0000],
        [0.9377, 0.9412, 0.9302, 0.9388, 0.9359, 0.9387, 0.0000, 0.0000, 0.0000,
         0.0000],
        [0.9377, 0.9412, 0.9302, 0.9388, 0.9359, 0.9387, 0.9368, 0.0000, 0.0000,
         0.0000],
        [0.9377, 0.9412, 0.9302, 0.9388, 0.9359, 0.9387, 0.9368, 0.9381, 0.0000,
         0.0000],
        [0.9377, 0.9412, 0.9302, 0.9388, 0.9359, 0.9387, 0.9368, 0.9381, 0.9380,
         0.0000],
        [0.9377, 0.9412, 0.9302, 0.9388, 0.9359, 0.9387, 0.9368, 0.9381, 0.9380,
         0.9390]])
final average accuracy:  tensor(0.9374)
total average accuracy:  tensor(0.9372)
final forget:  tensor(0.)
total forget:  tensor(0.)
