tensor([[0.9172, 0.0000, 0.0000, 0.0000, 0.0000, 0.0000, 0.0000, 0.0000, 0.0000,
         0.0000],
        [0.8912, 0.9351, 0.0000, 0.0000, 0.0000, 0.0000, 0.0000, 0.0000, 0.0000,
         0.0000],
        [0.8162, 0.8927, 0.9338, 0.0000, 0.0000, 0.0000, 0.0000, 0.0000, 0.0000,
         0.0000],
        [0.7335, 0.8302, 0.8473, 0.9278, 0.0000, 0.0000, 0.0000, 0.0000, 0.0000,
         0.0000],
        [0.6169, 0.8275, 0.7853, 0.8339, 0.9291, 0.0000, 0.0000, 0.0000, 0.0000,
         0.0000],
        [0.6437, 0.7523, 0.7480, 0.7654, 0.8620, 0.9149, 0.0000, 0.0000, 0.0000,
         0.0000],
        [0.6171, 0.7528, 0.7053, 0.7741, 0.6719, 0.6729, 0.9347, 0.0000, 0.0000,
         0.0000],
        [0.5134, 0.6124, 0.6709, 0.7571, 0.6056, 0.5964, 0.7433, 0.9336, 0.0000,
         0.0000],
        [0.4501, 0.6020, 0.6574, 0.7014, 0.6330, 0.6092, 0.6574, 0.8885, 0.9391,
         0.0000],
        [0.3612, 0.4967, 0.5807, 0.6316, 0.5539, 0.6134, 0.5953, 0.8105, 0.8608,
         0.9179]])
final average accuracy:  tensor(0.6422)
total average accuracy:  tensor(0.7368)
final forget:  tensor(0.3179)
total forget:  tensor(0.2336)
