tensor([[0.9220, 0.0000, 0.0000, 0.0000, 0.0000, 0.0000, 0.0000, 0.0000, 0.0000,
         0.0000],
        [0.8851, 0.9207, 0.0000, 0.0000, 0.0000, 0.0000, 0.0000, 0.0000, 0.0000,
         0.0000],
        [0.8518, 0.9041, 0.9229, 0.0000, 0.0000, 0.0000, 0.0000, 0.0000, 0.0000,
         0.0000],
        [0.8001, 0.8615, 0.9016, 0.9275, 0.0000, 0.0000, 0.0000, 0.0000, 0.0000,
         0.0000],
        [0.6976, 0.7489, 0.7479, 0.8440, 0.9298, 0.0000, 0.0000, 0.0000, 0.0000,
         0.0000],
        [0.7156, 0.7251, 0.7283, 0.7562, 0.8623, 0.9430, 0.0000, 0.0000, 0.0000,
         0.0000],
        [0.6775, 0.6581, 0.6206, 0.6485, 0.7281, 0.7183, 0.9315, 0.0000, 0.0000,
         0.0000],
        [0.6420, 0.6382, 0.4945, 0.5275, 0.7097, 0.7095, 0.8510, 0.9323, 0.0000,
         0.0000],
        [0.5528, 0.6482, 0.4505, 0.5454, 0.5308, 0.6451, 0.7965, 0.8766, 0.9262,
         0.0000],
        [0.4714, 0.5414, 0.4635, 0.4212, 0.4544, 0.5598, 0.6709, 0.8507, 0.8899,
         0.9225]])
final average accuracy:  tensor(0.6246)
total average accuracy:  tensor(0.7327)
final forget:  tensor(0.3370)
total forget:  tensor(0.2372)
