tensor([[0.9124, 0.0000, 0.0000, 0.0000, 0.0000, 0.0000, 0.0000, 0.0000, 0.0000,
         0.0000],
        [0.9021, 0.9134, 0.0000, 0.0000, 0.0000, 0.0000, 0.0000, 0.0000, 0.0000,
         0.0000],
        [0.8285, 0.8813, 0.9282, 0.0000, 0.0000, 0.0000, 0.0000, 0.0000, 0.0000,
         0.0000],
        [0.8283, 0.8324, 0.8785, 0.9312, 0.0000, 0.0000, 0.0000, 0.0000, 0.0000,
         0.0000],
        [0.7098, 0.7824, 0.8393, 0.9111, 0.9267, 0.0000, 0.0000, 0.0000, 0.0000,
         0.0000],
        [0.6660, 0.7627, 0.7508, 0.8332, 0.8622, 0.9237, 0.0000, 0.0000, 0.0000,
         0.0000],
        [0.6727, 0.7268, 0.7298, 0.8103, 0.8520, 0.9000, 0.9401, 0.0000, 0.0000,
         0.0000],
        [0.6695, 0.7665, 0.6625, 0.7559, 0.8024, 0.8294, 0.9033, 0.9331, 0.0000,
         0.0000],
        [0.5190, 0.6492, 0.6208, 0.6225, 0.6578, 0.7772, 0.7664, 0.7862, 0.9271,
         0.0000],
        [0.5987, 0.6383, 0.6513, 0.5819, 0.6181, 0.7060, 0.7242, 0.7299, 0.9068,
         0.9185]])
final average accuracy:  tensor(0.7074)
total average accuracy:  tensor(0.7847)
final forget:  tensor(0.2423)
total forget:  tensor(0.1698)
