tensor([[0.8494, 0.0000, 0.0000, 0.0000, 0.0000, 0.0000, 0.0000, 0.0000, 0.0000,
         0.0000],
        [0.8314, 0.8690, 0.0000, 0.0000, 0.0000, 0.0000, 0.0000, 0.0000, 0.0000,
         0.0000],
        [0.8104, 0.8575, 0.8771, 0.0000, 0.0000, 0.0000, 0.0000, 0.0000, 0.0000,
         0.0000],
        [0.7966, 0.8283, 0.8219, 0.8794, 0.0000, 0.0000, 0.0000, 0.0000, 0.0000,
         0.0000],
        [0.7484, 0.8140, 0.8138, 0.8301, 0.8818, 0.0000, 0.0000, 0.0000, 0.0000,
         0.0000],
        [0.7368, 0.7721, 0.8076, 0.8227, 0.8535, 0.8876, 0.0000, 0.0000, 0.0000,
         0.0000],
        [0.7199, 0.7930, 0.7698, 0.7924, 0.8451, 0.8627, 0.8772, 0.0000, 0.0000,
         0.0000],
        [0.7185, 0.7735, 0.7583, 0.7881, 0.8152, 0.8365, 0.8455, 0.8793, 0.0000,
         0.0000],
        [0.6342, 0.7427, 0.7044, 0.7690, 0.7701, 0.8403, 0.7941, 0.8489, 0.8812,
         0.0000],
        [0.5757, 0.7284, 0.6796, 0.7361, 0.7705, 0.8230, 0.8222, 0.8108, 0.8358,
         0.8785]])
final average accuracy:  tensor(0.7661)
total average accuracy:  tensor(0.8020)
final forget:  tensor(0.1222)
total forget:  tensor(0.0865)
