tensor([[0.9266, 0.0000, 0.0000, 0.0000, 0.0000, 0.0000, 0.0000, 0.0000, 0.0000,
         0.0000],
        [0.8594, 0.9449, 0.0000, 0.0000, 0.0000, 0.0000, 0.0000, 0.0000, 0.0000,
         0.0000],
        [0.7346, 0.7047, 0.9252, 0.0000, 0.0000, 0.0000, 0.0000, 0.0000, 0.0000,
         0.0000],
        [0.5806, 0.7117, 0.7347, 0.9309, 0.0000, 0.0000, 0.0000, 0.0000, 0.0000,
         0.0000],
        [0.6822, 0.7452, 0.7642, 0.7767, 0.9082, 0.0000, 0.0000, 0.0000, 0.0000,
         0.0000],
        [0.5681, 0.7303, 0.6870, 0.6046, 0.8468, 0.9249, 0.0000, 0.0000, 0.0000,
         0.0000],
        [0.5554, 0.6140, 0.6593, 0.5981, 0.7171, 0.8189, 0.9268, 0.0000, 0.0000,
         0.0000],
        [0.2811, 0.4728, 0.6441, 0.5190, 0.6924, 0.7944, 0.6643, 0.9240, 0.0000,
         0.0000],
        [0.2340, 0.3789, 0.4911, 0.4590, 0.4640, 0.6397, 0.6053, 0.7227, 0.9129,
         0.0000],
        [0.3068, 0.4115, 0.5175, 0.5170, 0.5006, 0.6125, 0.6337, 0.6676, 0.5672,
         0.9164]])
final average accuracy:  tensor(0.5651)
total average accuracy:  tensor(0.6678)
final forget:  tensor(0.3989)
total forget:  tensor(0.3167)
