tensor([[0.7379, 0.0000, 0.0000, 0.0000, 0.0000, 0.0000, 0.0000, 0.0000, 0.0000,
         0.0000],
        [0.7175, 0.7858, 0.0000, 0.0000, 0.0000, 0.0000, 0.0000, 0.0000, 0.0000,
         0.0000],
        [0.7284, 0.7728, 0.8062, 0.0000, 0.0000, 0.0000, 0.0000, 0.0000, 0.0000,
         0.0000],
        [0.7251, 0.7817, 0.7988, 0.8156, 0.0000, 0.0000, 0.0000, 0.0000, 0.0000,
         0.0000],
        [0.7019, 0.7793, 0.7732, 0.8057, 0.8248, 0.0000, 0.0000, 0.0000, 0.0000,
         0.0000],
        [0.6504, 0.7611, 0.7666, 0.7971, 0.8071, 0.8268, 0.0000, 0.0000, 0.0000,
         0.0000],
        [0.5459, 0.7310, 0.7590, 0.7867, 0.7718, 0.8157, 0.8301, 0.0000, 0.0000,
         0.0000],
        [0.4618, 0.6973, 0.7160, 0.7518, 0.7069, 0.7939, 0.8175, 0.8326, 0.0000,
         0.0000],
        [0.4464, 0.6440, 0.7338, 0.7489, 0.7019, 0.7802, 0.7900, 0.8226, 0.8377,
         0.0000],
        [0.4734, 0.6737, 0.7383, 0.7168, 0.7470, 0.7785, 0.7765, 0.7919, 0.8295,
         0.8429]])
final average accuracy:  tensor(0.7368)
total average accuracy:  tensor(0.7465)
final forget:  tensor(0.0858)
total forget:  tensor(0.0661)
