tensor([[0.7357, 0.0000, 0.0000, 0.0000, 0.0000, 0.0000, 0.0000, 0.0000, 0.0000,
         0.0000],
        [0.7184, 0.7780, 0.0000, 0.0000, 0.0000, 0.0000, 0.0000, 0.0000, 0.0000,
         0.0000],
        [0.6919, 0.7866, 0.8053, 0.0000, 0.0000, 0.0000, 0.0000, 0.0000, 0.0000,
         0.0000],
        [0.6191, 0.7810, 0.7937, 0.8102, 0.0000, 0.0000, 0.0000, 0.0000, 0.0000,
         0.0000],
        [0.5501, 0.7597, 0.7741, 0.8009, 0.8181, 0.0000, 0.0000, 0.0000, 0.0000,
         0.0000],
        [0.5364, 0.7398, 0.7789, 0.7733, 0.7942, 0.8158, 0.0000, 0.0000, 0.0000,
         0.0000],
        [0.4970, 0.7303, 0.7617, 0.7489, 0.7889, 0.8067, 0.8268, 0.0000, 0.0000,
         0.0000],
        [0.4209, 0.6835, 0.7358, 0.7241, 0.7577, 0.7948, 0.8099, 0.8297, 0.0000,
         0.0000],
        [0.4485, 0.6763, 0.6915, 0.7077, 0.7634, 0.7875, 0.7770, 0.8164, 0.8192,
         0.0000],
        [0.4888, 0.6498, 0.6875, 0.6977, 0.7352, 0.7744, 0.7329, 0.7730, 0.7977,
         0.8259]])
final average accuracy:  tensor(0.7163)
total average accuracy:  tensor(0.7314)
final forget:  tensor(0.1002)
total forget:  tensor(0.0781)
