tensor([[0.9384, 0.0000, 0.0000, 0.0000, 0.0000, 0.0000, 0.0000, 0.0000, 0.0000,
         0.0000],
        [0.7015, 0.9049, 0.0000, 0.0000, 0.0000, 0.0000, 0.0000, 0.0000, 0.0000,
         0.0000],
        [0.5773, 0.6327, 0.8859, 0.0000, 0.0000, 0.0000, 0.0000, 0.0000, 0.0000,
         0.0000],
        [0.3942, 0.6071, 0.8024, 0.8809, 0.0000, 0.0000, 0.0000, 0.0000, 0.0000,
         0.0000],
        [0.2673, 0.3613, 0.4372, 0.5186, 0.8927, 0.0000, 0.0000, 0.0000, 0.0000,
         0.0000],
        [0.2012, 0.3607, 0.3943, 0.3769, 0.4756, 0.8915, 0.0000, 0.0000, 0.0000,
         0.0000],
        [0.1166, 0.2860, 0.3162, 0.2590, 0.2707, 0.2892, 0.8333, 0.0000, 0.0000,
         0.0000],
        [0.1368, 0.1690, 0.2436, 0.2468, 0.3300, 0.2002, 0.6603, 0.6751, 0.0000,
         0.0000],
        [0.1033, 0.3468, 0.3109, 0.1207, 0.4368, 0.2582, 0.2957, 0.3521, 0.6430,
         0.0000],
        [0.1091, 0.3178, 0.2768, 0.1620, 0.3305, 0.2379, 0.1913, 0.2828, 0.3766,
         0.8498]])
final average accuracy:  tensor(0.3135)
total average accuracy:  tensor(0.4280)
final forget:  tensor(0.5845)
total forget:  tensor(0.5456)
