tensor([[0.8644, 0.0000, 0.0000, 0.0000, 0.0000, 0.0000, 0.0000, 0.0000, 0.0000,
         0.0000],
        [0.8480, 0.8821, 0.0000, 0.0000, 0.0000, 0.0000, 0.0000, 0.0000, 0.0000,
         0.0000],
        [0.8377, 0.8614, 0.8859, 0.0000, 0.0000, 0.0000, 0.0000, 0.0000, 0.0000,
         0.0000],
        [0.8118, 0.8358, 0.8342, 0.8888, 0.0000, 0.0000, 0.0000, 0.0000, 0.0000,
         0.0000],
        [0.7716, 0.8359, 0.7778, 0.8684, 0.8891, 0.0000, 0.0000, 0.0000, 0.0000,
         0.0000],
        [0.7115, 0.8102, 0.7879, 0.8403, 0.8658, 0.8884, 0.0000, 0.0000, 0.0000,
         0.0000],
        [0.6647, 0.7492, 0.7612, 0.7768, 0.8444, 0.8640, 0.8876, 0.0000, 0.0000,
         0.0000],
        [0.6499, 0.7876, 0.6950, 0.7914, 0.7835, 0.8241, 0.8531, 0.8875, 0.0000,
         0.0000],
        [0.6278, 0.7458, 0.6524, 0.7071, 0.7411, 0.8308, 0.8268, 0.8476, 0.8886,
         0.0000],
        [0.6540, 0.7369, 0.6791, 0.7561, 0.7473, 0.7967, 0.8307, 0.8033, 0.8570,
         0.8908]])
final average accuracy:  tensor(0.7752)
total average accuracy:  tensor(0.8007)
final forget:  tensor(0.1224)
total forget:  tensor(0.1003)
