tensor([[0.8370, 0.0000, 0.0000, 0.0000, 0.0000, 0.0000, 0.0000, 0.0000, 0.0000,
         0.0000],
        [0.8113, 0.8638, 0.0000, 0.0000, 0.0000, 0.0000, 0.0000, 0.0000, 0.0000,
         0.0000],
        [0.8115, 0.8528, 0.8695, 0.0000, 0.0000, 0.0000, 0.0000, 0.0000, 0.0000,
         0.0000],
        [0.7927, 0.8325, 0.8607, 0.8795, 0.0000, 0.0000, 0.0000, 0.0000, 0.0000,
         0.0000],
        [0.7935, 0.8149, 0.8304, 0.8566, 0.8800, 0.0000, 0.0000, 0.0000, 0.0000,
         0.0000],
        [0.7808, 0.7553, 0.8254, 0.8487, 0.8585, 0.8791, 0.0000, 0.0000, 0.0000,
         0.0000],
        [0.7614, 0.7460, 0.7812, 0.8180, 0.8333, 0.8517, 0.8802, 0.0000, 0.0000,
         0.0000],
        [0.7077, 0.7668, 0.7580, 0.7867, 0.7641, 0.8468, 0.8338, 0.8814, 0.0000,
         0.0000],
        [0.6943, 0.6852, 0.7034, 0.7661, 0.7709, 0.8061, 0.8294, 0.8521, 0.8741,
         0.0000],
        [0.7082, 0.7019, 0.7003, 0.7502, 0.7439, 0.8113, 0.7975, 0.8365, 0.8561,
         0.8815]])
final average accuracy:  tensor(0.7787)
total average accuracy:  tensor(0.8058)
final forget:  tensor(0.1043)
total forget:  tensor(0.0757)
