tensor([[0.8571, 0.0000, 0.0000, 0.0000, 0.0000, 0.0000, 0.0000, 0.0000, 0.0000,
         0.0000],
        [0.8265, 0.8793, 0.0000, 0.0000, 0.0000, 0.0000, 0.0000, 0.0000, 0.0000,
         0.0000],
        [0.7934, 0.8593, 0.8896, 0.0000, 0.0000, 0.0000, 0.0000, 0.0000, 0.0000,
         0.0000],
        [0.7789, 0.8474, 0.8568, 0.8862, 0.0000, 0.0000, 0.0000, 0.0000, 0.0000,
         0.0000],
        [0.7947, 0.8115, 0.8581, 0.8568, 0.8865, 0.0000, 0.0000, 0.0000, 0.0000,
         0.0000],
        [0.7928, 0.8045, 0.8420, 0.8459, 0.8568, 0.8889, 0.0000, 0.0000, 0.0000,
         0.0000],
        [0.7496, 0.7995, 0.8187, 0.8118, 0.8221, 0.8623, 0.8892, 0.0000, 0.0000,
         0.0000],
        [0.6982, 0.7825, 0.7352, 0.7738, 0.8002, 0.8044, 0.8721, 0.8921, 0.0000,
         0.0000],
        [0.6072, 0.7657, 0.7541, 0.7312, 0.7806, 0.7635, 0.8277, 0.8670, 0.8875,
         0.0000],
        [0.4816, 0.7122, 0.6384, 0.6617, 0.7137, 0.7228, 0.7036, 0.8363, 0.8493,
         0.8874]])
final average accuracy:  tensor(0.7207)
total average accuracy:  tensor(0.8003)
final forget:  tensor(0.1819)
total forget:  tensor(0.0988)
