tensor([[0.8076, 0.0000, 0.0000, 0.0000, 0.0000, 0.0000, 0.0000, 0.0000, 0.0000,
         0.0000],
        [0.8134, 0.8517, 0.0000, 0.0000, 0.0000, 0.0000, 0.0000, 0.0000, 0.0000,
         0.0000],
        [0.7671, 0.8279, 0.8617, 0.0000, 0.0000, 0.0000, 0.0000, 0.0000, 0.0000,
         0.0000],
        [0.7487, 0.8273, 0.8456, 0.8641, 0.0000, 0.0000, 0.0000, 0.0000, 0.0000,
         0.0000],
        [0.7555, 0.8040, 0.8178, 0.8393, 0.8675, 0.0000, 0.0000, 0.0000, 0.0000,
         0.0000],
        [0.7498, 0.7866, 0.8132, 0.8299, 0.8432, 0.8643, 0.0000, 0.0000, 0.0000,
         0.0000],
        [0.7173, 0.7380, 0.8025, 0.7846, 0.8305, 0.8443, 0.8744, 0.0000, 0.0000,
         0.0000],
        [0.6754, 0.7328, 0.7890, 0.7904, 0.8099, 0.8266, 0.8521, 0.8710, 0.0000,
         0.0000],
        [0.6440, 0.7655, 0.7749, 0.7536, 0.7993, 0.8116, 0.8299, 0.8556, 0.8661,
         0.0000],
        [0.6472, 0.7020, 0.7285, 0.7120, 0.7857, 0.7512, 0.8222, 0.8335, 0.8386,
         0.8721]])
final average accuracy:  tensor(0.7693)
total average accuracy:  tensor(0.7985)
final forget:  tensor(0.1008)
total forget:  tensor(0.0671)
