tensor([[0.8750, 0.0000, 0.0000, 0.0000, 0.0000, 0.0000, 0.0000, 0.0000, 0.0000,
         0.0000],
        [0.8541, 0.8893, 0.0000, 0.0000, 0.0000, 0.0000, 0.0000, 0.0000, 0.0000,
         0.0000],
        [0.8372, 0.8667, 0.8917, 0.0000, 0.0000, 0.0000, 0.0000, 0.0000, 0.0000,
         0.0000],
        [0.8335, 0.8404, 0.8653, 0.8920, 0.0000, 0.0000, 0.0000, 0.0000, 0.0000,
         0.0000],
        [0.8146, 0.8156, 0.8545, 0.8586, 0.8954, 0.0000, 0.0000, 0.0000, 0.0000,
         0.0000],
        [0.7562, 0.7814, 0.8286, 0.8373, 0.8815, 0.8944, 0.0000, 0.0000, 0.0000,
         0.0000],
        [0.6432, 0.7449, 0.7960, 0.8209, 0.8631, 0.8590, 0.8933, 0.0000, 0.0000,
         0.0000],
        [0.6051, 0.6831, 0.7598, 0.7957, 0.8322, 0.8088, 0.8596, 0.8951, 0.0000,
         0.0000],
        [0.5875, 0.7104, 0.7848, 0.7290, 0.8105, 0.7606, 0.8211, 0.8676, 0.8898,
         0.0000],
        [0.5170, 0.7012, 0.7499, 0.6694, 0.7506, 0.7069, 0.7980, 0.7824, 0.8747,
         0.8918]])
final average accuracy:  tensor(0.7442)
total average accuracy:  tensor(0.8023)
final forget:  tensor(0.1629)
total forget:  tensor(0.1062)
