tensor([[0.9069, 0.0000, 0.0000, 0.0000, 0.0000, 0.0000, 0.0000, 0.0000, 0.0000,
         0.0000],
        [0.8757, 0.9177, 0.0000, 0.0000, 0.0000, 0.0000, 0.0000, 0.0000, 0.0000,
         0.0000],
        [0.8042, 0.8975, 0.9156, 0.0000, 0.0000, 0.0000, 0.0000, 0.0000, 0.0000,
         0.0000],
        [0.7139, 0.8652, 0.8754, 0.9253, 0.0000, 0.0000, 0.0000, 0.0000, 0.0000,
         0.0000],
        [0.5948, 0.8160, 0.7944, 0.8901, 0.9243, 0.0000, 0.0000, 0.0000, 0.0000,
         0.0000],
        [0.6312, 0.8115, 0.7570, 0.8660, 0.8779, 0.9214, 0.0000, 0.0000, 0.0000,
         0.0000],
        [0.5514, 0.7383, 0.6621, 0.8334, 0.8511, 0.8783, 0.9248, 0.0000, 0.0000,
         0.0000],
        [0.5605, 0.7018, 0.6231, 0.6992, 0.8199, 0.7840, 0.8455, 0.9204, 0.0000,
         0.0000],
        [0.4727, 0.6006, 0.5030, 0.5816, 0.7691, 0.8103, 0.8512, 0.9077, 0.9131,
         0.0000],
        [0.4991, 0.4396, 0.4367, 0.6615, 0.7355, 0.7807, 0.8184, 0.8626, 0.8934,
         0.9284]])
final average accuracy:  tensor(0.7056)
total average accuracy:  tensor(0.7717)
final forget:  tensor(0.2380)
total forget:  tensor(0.1790)
