tensor([[0.7857, 0.0000, 0.0000, 0.0000, 0.0000, 0.0000, 0.0000, 0.0000, 0.0000,
         0.0000],
        [0.7934, 0.8273, 0.0000, 0.0000, 0.0000, 0.0000, 0.0000, 0.0000, 0.0000,
         0.0000],
        [0.7615, 0.8065, 0.8365, 0.0000, 0.0000, 0.0000, 0.0000, 0.0000, 0.0000,
         0.0000],
        [0.7517, 0.7851, 0.8303, 0.8380, 0.0000, 0.0000, 0.0000, 0.0000, 0.0000,
         0.0000],
        [0.6862, 0.7751, 0.7937, 0.8253, 0.8503, 0.0000, 0.0000, 0.0000, 0.0000,
         0.0000],
        [0.6589, 0.7520, 0.7959, 0.8198, 0.8308, 0.8558, 0.0000, 0.0000, 0.0000,
         0.0000],
        [0.6256, 0.7284, 0.8144, 0.8167, 0.8166, 0.8342, 0.8544, 0.0000, 0.0000,
         0.0000],
        [0.6278, 0.7406, 0.7888, 0.8097, 0.7992, 0.8103, 0.8365, 0.8512, 0.0000,
         0.0000],
        [0.5547, 0.7297, 0.7383, 0.7741, 0.7625, 0.8100, 0.8224, 0.8442, 0.8537,
         0.0000],
        [0.4832, 0.6598, 0.7080, 0.7563, 0.7292, 0.7961, 0.8223, 0.8156, 0.8404,
         0.8522]])
final average accuracy:  tensor(0.7463)
total average accuracy:  tensor(0.7776)
final forget:  tensor(0.1047)
total forget:  tensor(0.0671)
