tensor([[0.8978, 0.0000, 0.0000, 0.0000, 0.0000, 0.0000, 0.0000, 0.0000, 0.0000,
         0.0000],
        [0.8582, 0.9060, 0.0000, 0.0000, 0.0000, 0.0000, 0.0000, 0.0000, 0.0000,
         0.0000],
        [0.8332, 0.8788, 0.9082, 0.0000, 0.0000, 0.0000, 0.0000, 0.0000, 0.0000,
         0.0000],
        [0.8016, 0.8587, 0.8726, 0.9023, 0.0000, 0.0000, 0.0000, 0.0000, 0.0000,
         0.0000],
        [0.7321, 0.8178, 0.8436, 0.8609, 0.9003, 0.0000, 0.0000, 0.0000, 0.0000,
         0.0000],
        [0.7340, 0.7865, 0.8136, 0.8307, 0.8544, 0.9118, 0.0000, 0.0000, 0.0000,
         0.0000],
        [0.6102, 0.6785, 0.7781, 0.7823, 0.7995, 0.8631, 0.9094, 0.0000, 0.0000,
         0.0000],
        [0.6282, 0.5208, 0.7264, 0.6843, 0.8281, 0.8277, 0.8642, 0.9117, 0.0000,
         0.0000],
        [0.5664, 0.4715, 0.5723, 0.6306, 0.7754, 0.7540, 0.8208, 0.8920, 0.9130,
         0.0000],
        [0.5419, 0.5462, 0.6476, 0.6082, 0.6971, 0.7756, 0.8011, 0.8654, 0.8604,
         0.9060]])
final average accuracy:  tensor(0.7249)
total average accuracy:  tensor(0.7793)
final forget:  tensor(0.2019)
total forget:  tensor(0.1537)
