tensor([[0.7497, 0.0000, 0.0000, 0.0000, 0.0000, 0.0000, 0.0000, 0.0000, 0.0000,
         0.0000],
        [0.7485, 0.7746, 0.0000, 0.0000, 0.0000, 0.0000, 0.0000, 0.0000, 0.0000,
         0.0000],
        [0.7255, 0.7792, 0.8129, 0.0000, 0.0000, 0.0000, 0.0000, 0.0000, 0.0000,
         0.0000],
        [0.6876, 0.7679, 0.7952, 0.8258, 0.0000, 0.0000, 0.0000, 0.0000, 0.0000,
         0.0000],
        [0.6427, 0.7284, 0.8007, 0.8099, 0.8358, 0.0000, 0.0000, 0.0000, 0.0000,
         0.0000],
        [0.6250, 0.7467, 0.7817, 0.7767, 0.8193, 0.8355, 0.0000, 0.0000, 0.0000,
         0.0000],
        [0.5623, 0.7462, 0.7580, 0.7757, 0.7987, 0.8259, 0.8354, 0.0000, 0.0000,
         0.0000],
        [0.6353, 0.6763, 0.7294, 0.7566, 0.7752, 0.8062, 0.7842, 0.8425, 0.0000,
         0.0000],
        [0.5673, 0.6501, 0.7168, 0.7364, 0.7572, 0.7933, 0.7830, 0.8184, 0.8393,
         0.0000],
        [0.5787, 0.5898, 0.6940, 0.7040, 0.7407, 0.7762, 0.7706, 0.8021, 0.8273,
         0.8369]])
final average accuracy:  tensor(0.7320)
total average accuracy:  tensor(0.7520)
final forget:  tensor(0.0965)
total forget:  tensor(0.0662)
