tensor([[0.7469, 0.0000, 0.0000, 0.0000, 0.0000, 0.0000, 0.0000, 0.0000, 0.0000,
         0.0000],
        [0.7294, 0.7789, 0.0000, 0.0000, 0.0000, 0.0000, 0.0000, 0.0000, 0.0000,
         0.0000],
        [0.6816, 0.7858, 0.7973, 0.0000, 0.0000, 0.0000, 0.0000, 0.0000, 0.0000,
         0.0000],
        [0.7025, 0.7747, 0.7912, 0.8165, 0.0000, 0.0000, 0.0000, 0.0000, 0.0000,
         0.0000],
        [0.6785, 0.7179, 0.7890, 0.8050, 0.8105, 0.0000, 0.0000, 0.0000, 0.0000,
         0.0000],
        [0.6781, 0.6777, 0.7640, 0.8149, 0.7987, 0.8315, 0.0000, 0.0000, 0.0000,
         0.0000],
        [0.6510, 0.6199, 0.7576, 0.7789, 0.7817, 0.7950, 0.8253, 0.0000, 0.0000,
         0.0000],
        [0.6042, 0.6437, 0.7624, 0.7675, 0.7802, 0.8058, 0.8006, 0.8305, 0.0000,
         0.0000],
        [0.5583, 0.6502, 0.7426, 0.7323, 0.7501, 0.7867, 0.7933, 0.8094, 0.8411,
         0.0000],
        [0.5541, 0.5870, 0.7117, 0.7188, 0.7390, 0.7505, 0.7905, 0.7700, 0.8394,
         0.8367]])
final average accuracy:  tensor(0.7298)
total average accuracy:  tensor(0.7479)
final forget:  tensor(0.0908)
total forget:  tensor(0.0618)
