tensor([[0.8958, 0.0000, 0.0000, 0.0000, 0.0000, 0.0000, 0.0000, 0.0000, 0.0000,
         0.0000],
        [0.8671, 0.9047, 0.0000, 0.0000, 0.0000, 0.0000, 0.0000, 0.0000, 0.0000,
         0.0000],
        [0.8487, 0.8855, 0.9039, 0.0000, 0.0000, 0.0000, 0.0000, 0.0000, 0.0000,
         0.0000],
        [0.8354, 0.8277, 0.8767, 0.9053, 0.0000, 0.0000, 0.0000, 0.0000, 0.0000,
         0.0000],
        [0.8134, 0.7826, 0.8527, 0.8888, 0.9025, 0.0000, 0.0000, 0.0000, 0.0000,
         0.0000],
        [0.7656, 0.7742, 0.7595, 0.8486, 0.8902, 0.9070, 0.0000, 0.0000, 0.0000,
         0.0000],
        [0.7474, 0.7167, 0.7829, 0.8006, 0.8642, 0.8768, 0.9059, 0.0000, 0.0000,
         0.0000],
        [0.6942, 0.7345, 0.6929, 0.8043, 0.8201, 0.8411, 0.8427, 0.9070, 0.0000,
         0.0000],
        [0.5938, 0.6471, 0.6008, 0.7079, 0.7764, 0.7829, 0.7995, 0.8618, 0.9078,
         0.0000],
        [0.6151, 0.5703, 0.5304, 0.6481, 0.7270, 0.8009, 0.7576, 0.8372, 0.8789,
         0.9082]])
final average accuracy:  tensor(0.7274)
total average accuracy:  tensor(0.7985)
final forget:  tensor(0.1972)
total forget:  tensor(0.1282)
