tensor([[0.9319, 0.0000, 0.0000, 0.0000, 0.0000, 0.0000, 0.0000, 0.0000, 0.0000,
         0.0000],
        [0.6785, 0.9255, 0.0000, 0.0000, 0.0000, 0.0000, 0.0000, 0.0000, 0.0000,
         0.0000],
        [0.6441, 0.5454, 0.9216, 0.0000, 0.0000, 0.0000, 0.0000, 0.0000, 0.0000,
         0.0000],
        [0.5814, 0.5678, 0.6865, 0.9190, 0.0000, 0.0000, 0.0000, 0.0000, 0.0000,
         0.0000],
        [0.4508, 0.5348, 0.5025, 0.6006, 0.9170, 0.0000, 0.0000, 0.0000, 0.0000,
         0.0000],
        [0.2819, 0.4554, 0.4264, 0.6078, 0.7624, 0.8960, 0.0000, 0.0000, 0.0000,
         0.0000],
        [0.3159, 0.4272, 0.2873, 0.5627, 0.6283, 0.7134, 0.8789, 0.0000, 0.0000,
         0.0000],
        [0.2429, 0.3902, 0.5060, 0.5092, 0.4590, 0.5662, 0.6696, 0.9246, 0.0000,
         0.0000],
        [0.1735, 0.3765, 0.3379, 0.4225, 0.2968, 0.4814, 0.5363, 0.7451, 0.8965,
         0.0000],
        [0.1044, 0.2090, 0.2691, 0.4084, 0.1638, 0.2941, 0.2684, 0.4773, 0.5723,
         0.8862]])
final average accuracy:  tensor(0.3653)
total average accuracy:  tensor(0.5425)
final forget:  tensor(0.6049)
total forget:  tensor(0.4570)
