tensor([[0.8971, 0.0000, 0.0000, 0.0000, 0.0000, 0.0000, 0.0000, 0.0000, 0.0000,
         0.0000],
        [0.8683, 0.9087, 0.0000, 0.0000, 0.0000, 0.0000, 0.0000, 0.0000, 0.0000,
         0.0000],
        [0.8292, 0.8885, 0.9084, 0.0000, 0.0000, 0.0000, 0.0000, 0.0000, 0.0000,
         0.0000],
        [0.8054, 0.8625, 0.8834, 0.9037, 0.0000, 0.0000, 0.0000, 0.0000, 0.0000,
         0.0000],
        [0.7873, 0.8111, 0.8538, 0.8692, 0.9081, 0.0000, 0.0000, 0.0000, 0.0000,
         0.0000],
        [0.7168, 0.7994, 0.8216, 0.8465, 0.8786, 0.9119, 0.0000, 0.0000, 0.0000,
         0.0000],
        [0.5574, 0.6710, 0.7016, 0.8124, 0.8274, 0.8457, 0.9123, 0.0000, 0.0000,
         0.0000],
        [0.6496, 0.6416, 0.6958, 0.7826, 0.7985, 0.8670, 0.8687, 0.9087, 0.0000,
         0.0000],
        [0.5085, 0.5605, 0.5479, 0.7009, 0.7343, 0.7989, 0.8574, 0.8692, 0.9141,
         0.0000],
        [0.3924, 0.5087, 0.5367, 0.6904, 0.6883, 0.6479, 0.8371, 0.8732, 0.8628,
         0.9069]])
final average accuracy:  tensor(0.6944)
total average accuracy:  tensor(0.7807)
final forget:  tensor(0.2373)
total forget:  tensor(0.1539)
